2 2324
2 8130
2 9874
1 4643
2 3908
1 3280
2 1171
2 2916
1 9160
2 555
2 2344
1 3391
1 2894
1 2384
2 1675
2 3424
1 4911
1 5400
1 5340
1 8366
1 4958
1 4503
2 4491
1 9401
2 3373
1 9935
2 5104
1 2291
2 9200
1 4038
2 3091
2 6013
2 4849
2 5897
2 865
1 6313
1 3718
2 3357
2 5344
2 1603
2 3763
1 5600
2 3159
2 2459
1 6111
1 8363
2 1320
2 6232
2 2018
2 3909
1 3965
1 8573
1 6841
2 3499
2 6182
2 2509
2 3292
1 8491
1 3745
1 5250
1 8566
2 921
1 3121
2 180
1 6781
1 8209
2 9875
1 8424
1 3673
2 4870
2 5651
2 9235
2 3128
1 4117
2 7160
1 5391
1 6628
2 1801
2 9325
2 5248
2 1305
1 3403
2 5133
1 3223
1 8903
2 6225
2 6703
1 2796
2 9492
2 5157
2 3235
1 4116
1 6275
1 2378
1 3746
1 5946
1 8744
2 3628
1 5069
2 9630
2 7443
2 6489
2 7042
1 2108
2 2215
1 6502
1 5188
1 9274
2 3740
1 6845
1 5508
2 878
1 3714
2 1595
2 383
2 7179
2 1430
2 3934
2 3156
1 8993
1 9602
2 2593
1 3089
1 5352
2 6390
1 6741
2 9260
2 8071
1 2991
1 3595
1 7092
1 5095
2 7722
2 6537
2 4110
1 7043
1 3033
2 9216
1 5781
2 8872
1 4460
2 6228
2 3730
2 6557
2 1028
1 4733
2 3209
2 3956
2 7685
2 9653
1 2756
2 1268
2 7400
1 7564
2 5668
2 9993
1 6883
1 5374
1 2979
2 7409
2 9743
1 6962
2 8798
2 2045
2 5041
2 7660
2 355
2 8198
1 2274
1 6014
2 5766
2 8945
1 8014
1 9510
2 2746
1 9213
2 7471
2 7781
1 8530
1 5431
1 3434
1 9535
2 1533
1 4417
1 7134
1 2748
2 1109
2 5639
1 4937
1 8657
2 2853
1 8960
1 4693
1 8983
1 3381
2 7193
2 5258
1 4742
1 8700
2 3516
2 3764
1 8474
1 5708
2 4698
1 6961
1 3359
2 36
1 3623
2 1066
1 5525
1 4440
2 4367
2 2449
1 8071
2 8727
1 9064
1 8563
1 8414
2 7393
2 425
2 6461
2 7190
2 3820
2 5294
1 6793
2 4615
2 2181
2 9487
1 3362
1 6405
2 2116
1 4991
1 4087
1 3476
1 6633
2 5000
1 5866
1 4516
1 9296
1 9372
1 8867
2 3047
2 16
2 1964
2 5383
2 9072
2 214
1 4821
2 4690
2 4212
2 4395
1 4833
2 2591
2 3703
2 6674
1 5343
1 8365
2 6701
1 8758
1 6448
2 1968
2 50
2 3149
1 9590
2 8255
2 6416
1 6677
2 4090
2 996
2 670
1 2814
1 9879
1 9445
1 2531
1 2458
2 1137
1 5640
2 3200
1 5865
2 7462
1 7551
1 8446
2 3875
1 2174
1 6333
2 1805
1 9299
2 3834
1 8345
1 3616
1 5119
1 2105
2 5205
2 5161
2 4310
1 7167
2 7131
1 2961
1 4971
2 3368
1 7904
2 4142
2 7199
2 8858
2 5635
2 318
1 4633
2 5009
1 7439
2 4156
2 5738
1 7021
2 843
2 585
1 3255
1 7730
2 5342
1 4696
2 9079
1 6995
2 6694
2 3841
2 7073
2 5509
2 2264
2 6638
2 7232
1 4228
1 8781
1 8710
2 2934
2 249
2 3796
2 6286
1 4802
2 320
2 535
2 8254
1 8256
2 6355
2 8673
1 9318
2 3850
1 5048
1 8372
2 3583
1 3720
1 8003
1 5309
2 9614
1 8945
2 643
2 9030
1 2330
2 8744
2 8996
1 2827
2 9584
2 7819
1 7773
2 2229
2 2090
1 4280
2 3578
1 2428
2 789
1 8063
1 4480
1 6122
2 2527
2 6040
2 4311
2 7136
1 4084
1 2459
2 8927
2 7605
1 9199
1 9068
2 2301
2 3369
2 8187
2 1934
2 3906
2 4732
1 8374
2 1950
1 2151
2 626
2 4038
1 9568
1 9459
1 7438
1 7932
2 1573
2 3214
1 4976
1 4183
2 9053
1 9323
2 4105
2 8699
1 2232
2 5272
2 6
1 4620
1 3735
1 9444
2 3248
2 985
1 5189
1 5686
2 3892
1 7133
2 2454
2 809
2 2590
2 4765
2 7391
2 261
1 2637
2 6170
1 8176
2 7257
2 3706
1 8062
1 9563
1 7918
1 4972
2 431
2 7877
1 2342
1 8139
2 7693
1 5168
2 1322
2 9571
2 430
1 9493
1 4828
1 2869
1 3889
1 8211
1 9180
1 3118
2 110
2 8774
2 1815
2 2012
2 1851
2 1130
2 7912
2 8312
1 6115
1 9691
2 7546
2 5313
2 3099
1 5370
1 3239
2 3459
1 7713
1 7740
2 6799
1 7691
2 8009
2 8948
2 7610
1 8343
2 6239
1 5235
1 3491
2 1918
2 8333
1 8968
2 4496
2 9092
1 5657
1 5471
1 9017
2 3569
1 2372
2 7783
2 345
2 6547
2 7325
1 5101
1 6519
2 5822
2 6713
2 2811
2 4940
2 8137
2 967
2 3111
2 6858
2 9116
1 6914
1 6353
1 7018
2 783
2 2765
1 6082
2 2662
1 8528
2 8354
1 2926
1 2182
2 8767
2 2245
2 193
2 7794
2 5578
1 7099
1 3938
1 6574
2 4437
2 8013
1 7579
2 3450
2 9688
1 6067
2 2504
2 1821
1 2207
1 9147
2 3293
2 2897
2 4891
1 6754
2 7859
2 1555
2 5506
1 7142
2 9032
2 2899
2 6628
2 2927
2 139
2 9424
2 8047
2 5630
1 7810
2 2658
1 8313
2 6966
2 8103
2 112
2 567
2 5985
1 5172
2 7397
2 9505
2 5991
2 4559
1 6606
1 9207
2 6374
2 1914
2 7019
2 6976
1 9024
1 5962
1 3594
1 6713
2 6166
1 3857
1 5642
1 3483
2 8894
1 3497
2 1475
1 6858
2 7585
2 686
1 2691
1 4647
1 4728
1 6784
1 3181
1 8756
2 3907
1 8069
2 9429
2 9004
2 2673
2 7721
2 8931
1 5854
1 9246
1 9751
2 4969
2 297
2 2849
2 7828
1 5000
2 1277
2 2346
1 6669
1 2908
1 8170
2 5215
1 9014
1 2193
2 8108
2 801
2 8830
2 6886
2 9327
2 7818
2 5053
1 3694
2 6938
2 1627
1 4195
2 5984
2 9236
2 5560
2 2976
1 2495
1 6356
2 7082
1 7750
2 2427
1 2063
2 3712
1 2647
1 8503
1 2404
1 8310
1 3423
1 5483
1 9763
2 5026
1 6680
1 5590
1 9066
2 6796
2 3736
2 416
2 4177
2 3725
1 2390
2 2621
2 3282
2 2460
2 8525
1 9289
2 417
2 4735
2 1307
1 6591
1 2736
2 2422
2 156
1 9411
2 8930
2 1074
1 9021
1 6192
2 7967
1 2221
2 8484
1 7073
2 3855
1 5157
1 5345
2 5302
2 1413
1 7642
1 8257
2 7639
2 8942
2 8598
1 7849
2 889
2 1839
2 7398
2 5235
1 9311
2 1660
2 8543
2 6111
2 8737
2 9538
2 1219
1 4812
1 7674
1 2147
2 368
1 5754
2 5907
2 6481
2 5145
2 6289
2 9387
1 7666
1 6210
1 3707
2 2585
2 2513
1 4757
1 5177
1 9334
1 2267
1 5527
1 8356
1 6187
1 3882
2 9641
2 3255
1 5184
2 8898
2 7506
2 9246
1 7724
1 4296
2 1399
2 3006
1 3650
1 4427
2 8702
1 4504
1 7433
1 6199
2 3083
2 1653
1 6412
1 9487
1 3640
2 9085
2 8381
1 5911
1 2026
1 2881
2 6612
2 2886
2 4906
2 9876
2 1735
1 9547
2 868
2 6838
1 6106
1 4399
2 2291
2 9556
2 2680
2 1696
2 3632
1 4138
2 650
2 3765
2 2736
1 8042
2 4630
2 800
1 4933
1 4721
2 9647
2 4718
1 8472
2 2911
2 2209
2 4798
1 5666
1 8695
1 9686
1 2186
2 7005
1 7768
2 5407
2 7026
1 2040
1 8004
1 8609
2 9445
1 8038
2 5166
1 8402
2 4017
2 3160
2 3523
1 6201
1 7174
2 5780
1 3907
1 8171
2 796
2 7174
1 8012
1 2323
2 5794
2 3179
2 7633
1 4849
1 5449
1 7126
1 9748
1 8413
2 4272
2 2360
1 4831
1 7589
2 4841
2 1642
1 9991
1 4410
2 3622
1 2218
1 7101
1 7612
2 5340
2 6067
1 3550
2 4409
1 4487
2 5331
2 4567
1 9069
1 2260
1 8816
1 4669
1 3320
1 5831
2 251
1 9585
2 1235
2 9495
1 2114
1 7159
1 7392
2 8775
2 5824
2 8000
1 8870
2 7421
2 7996
1 9556
2 2611
1 4992
2 6874
1 8290
2 3326
2 2477
2 9836
2 6761
1 7247
2 7843
2 6491
2 6954
2 1990
2 5099
1 3606
2 3945
1 2682
2 4770
1 7321
1 2090
1 5941
1 9934
2 9481
2 6157
1 2494
1 2851
2 1170
2 3289
2 2742
2 4166
2 4738
1 8654
2 743
2 3256
1 6430
2 3115
2 6539
1 4547
1 4519
2 1164
1 2440
2 8481
1 5055
1 6320
2 5591
1 9800
1 9757
2 5967
2 8906
1 9270
2 7733
2 3010
1 9488
1 3637
2 2862
2 7087
1 7481
2 7894
2 2429
1 9387
2 8342
2 3860
1 3356
1 7778
1 4341
2 3340
2 8064
2 1070
1 6203
2 2521
1 9309
1 4918
2 8119
1 7265
2 1410
2 7795
1 4206
1 6663
2 2669
2 5280
1 8149
1 3516
1 4803
2 4505
1 6747
2 3192
1 3891
1 7663
2 8701
2 4702
1 6147
1 3179
2 5186
1 3129
1 9262
1 2623
2 8442
1 9310
2 3865
2 6855
1 9291
1 2697
1 5948
1 8732
1 3255
1 2515
2 2278
1 4315
1 3751
2 8307
2 9126
2 3786
1 8990
2 4573
2 1910
2 4984
2 2740
1 3337
1 6960
1 7757
2 6197
2 9139
1 8481
1 8835
2 2629
2 5653
1 8698
1 6893
1 4932
2 4603
2 1313
2 9721
2 3846
1 6785
2 6974
2 6062
2 4605
2 278
1 5010
1 3208
1 5289
1 7886
1 6932
1 3254
2 8557
2 984
1 4603
2 8717
2 6164
2 4422
2 8957
2 7217
1 7408
1 2522
1 2534
1 8030
1 6153
2 834
2 7745
1 3036
1 7650
1 5668
1 8767
2 2067
1 7199
2 7858
2 8808
1 3794
1 9112
2 4704
1 2045
2 6511
1 7224
2 34
1 7567
2 937
2 3131
1 3144
2 8039
2 5010
2 9178
2 20
1 5313
2 1727
1 8456
1 8714
1 7940
2 8971
1 6769
2 4054
2 1149
2 3756
1 6454
2 9801
1 7144
1 6054
1 4060
1 5354
2 3721
2 2503
2 1690
2 8261
1 3185
2 7313
2 3120
1 6819
2 2782
1 7102
2 1176
2 870
1 6875
2 2698
2 9080
2 5482
1 3150
2 9798
2 266
2 829
1 3283
2 5296
2 7505
2 9791
2 1689
2 5958
2 1976
1 2422
1 6497
2 6115
1 3282
2 5504
1 8770
2 5001
1 6213
1 6077
2 8793
2 5783
1 7981
2 7785
2 3172
2 9061
1 9943
2 5977
1 4105
1 5921
2 3411
2 7368
1 8232
2 3254
2 7142
2 6320
1 2373
1 2199
1 8235
1 6325
2 2254
2 502
1 10000
2 1703
2 6865
2 2584
1 9631
1 3339
2 9681
1 6818
2 1725
1 4982
1 5204
1 4681
1 2940
1 2514
1 4313
1 6649
2 8998
1 7482
1 2446
2 3344
2 9807
1 7082
1 3483
2 7711
1 3970
2 2340
2 3337
1 4169
1 6381
1 4190
2 6758
1 3074
1 7281
2 6610
2 4716
1 3653
2 6160
2 4176
2 5129
1 9254
1 6567
2 8066
1 2100
1 7491
2 270
2 3647
1 7503
2 2630
2 3792
1 8753
2 8934
2 7057
2 6621
2 1919
1 7621
1 4834
2 1101
2 8395
2 1405
2 5701
2 8036
2 141
1 3650
1 3872
2 2972
2 976
2 6913
2 4810
1 3278
2 3961
1 7200
1 2417
1 2060
1 8289
2 2659
1 6719
2 2758
2 9322
2 1721
2 8919
2 6437
2 8167
1 3715
1 3722
2 1195
2 5220
1 8318
1 4323
2 6091
2 3839
2 5656
2 7969
2 7178
2 9678
1 9894
1 2629
2 3779
1 4115
2 6262
2 8533
1 4334
2 7076
2 9531
2 2877
2 1144
2 179
1 8314
2 133
2 2110
1 7086
2 4553
2 7061
1 7512
1 2733
1 3710
1 8371
2 8896
2 9491
2 7586
2 4094
2 8490
2 3269
2 704
2 1204
2 1260
2 9173
1 6694
2 5115
1 4680
1 9508
2 721
2 5074
2 8037
2 7910
2 2568
2 5881
2 1970
2 8429
2 6816
1 4575
2 293
2 2122
2 8520
2 2530
1 7441
1 3100
1 9760
1 7907
2 3544
2 1484
2 8755
2 2386
2 5100
2 5058
2 4260
1 3213
2 4145
2 6798
2 6980
2 6123
2 7532
2 5617
2 9871
1 4464
2 497
1 2620
2 4934
2 1937
2 5638
1 5263
1 2945
1 9937
2 9624
1 8049
2 6969
2 3896
2 7763
2 3895
2 9635
2 3868
2 8576
1 3375
2 8219
2 7808
2 8536
2 4076
1 8857
1 5982
2 2329
1 8065
1 3743
1 3584
2 1497
1 2101
2 5433
2 8623
2 3400
2 5154
2 8063
1 2744
2 7126
1 9183
2 8478
1 7109
1 4478
1 2025
2 6383
2 6327
2 7995
2 8144
2 7643
2 7762
1 9501
2 561
1 5046
1 9443
1 3312
1 3395
1 3041
2 8829
1 9827
2 4275
2 6336
2 1031
1 2111
1 4211
2 3832
2 2802
2 545
1 3639
1 6557
1 2374
1 4525
1 2431
2 5574
1 5040
2 1993
2 8310
2 2282
2 3540
2 258
2 5954
2 9779
1 8094
1 8449
2 1151
1 8234
1 6084
2 4034
1 2774
1 7627
1 7548
1 7496
1 2297
1 5383
1 2225
1 3701
2 4247
2 5242
1 3406
2 4555
1 6773
2 8690
2 1365
1 7445
2 5454
2 4618
1 2027
2 4752
1 8595
2 1051
1 3524
2 3761
2 1694
1 8746
2 9369
2 1861
1 3323
1 4529
1 4595
1 6211
1 8969
1 7725
2 6993
2 7909
1 2619
2 272
2 3246
1 3443
1 4321
2 185
2 4135
2 939
2 684
2 6963
2 484
1 7839
1 9238
2 4894
2 7274
2 3182
1 3619
2 4568
2 9394
2 3696
2 9103
2 1094
2 3039
2 2515
2 6145
1 4815
1 7141
1 7604
2 9575
2 2510
2 4316
2 4083
2 4552
2 8015
1 3769
1 7965
2 127
2 1831
1 7393
2 3183
1 9933
2 8556
1 6102
1 9282
2 4868
2 7886
1 4737
1 7393
1 6662
1 5489
2 1551
2 637
1 3903
1 5226
1 4179
1 6035
1 8800
2 974
2 2391
2 733
1 8515
1 9218
1 3040
2 9147
1 4295
1 5881
2 4850
2 2975
2 1656
2 9594
2 6493
2 926
1 8183
2 6360
1 5676
2 1333
2 334
2 8223
2 6686
2 145
2 871
1 5981
2 840
2 2377
2 4524
1 2616
2 7831
1 3329
2 6045
2 9304
1 8982
2 4908
1 3519
2 3707
1 8165
1 9504
1 4764
2 2357
1 6987
1 6232
1 4055
2 3662
1 6177
1 9076
1 2234
1 6707
1 2591
1 4044
2 3944
2 365
1 4861
1 7958
2 4479
1 9826
1 2469
2 1154
1 9440
2 4707
2 2653
2 2966
1 7506
2 5643
2 1529
1 7030
1 6468
2 3469
1 8024
2 7170
1 9816
2 2655
2 5287
2 3475
1 5281
1 7528
2 613
1 8814
2 3884
2 6109
1 8507
1 8951
2 6500
2 9160
2 4759
1 7044
1 8665
1 5786
2 4701
1 8276
1 7089
2 1289
1 7532
2 5188
1 8163
2 7566
2 1409
2 6000
1 5861
2 4332
1 5583
2 8358
2 940
1 3518
2 9051
1 7029
2 7321
2 2273
1 3657
2 6298
2 4613
1 8696
2 9400
2 5925
2 2161
2 3968
1 6311
2 4266
2 8828
1 5356
2 1932
2 8257
2 385
1 2500
2 660
2 2807
2 1988
2 2102
1 7508
2 3105
2 9944
2 1564
1 9094
1 8139
1 4750
2 3939
1 9328
2 2704
2 9863
2 4980
2 3773
1 6139
2 4582
2 7379
2 4927
2 201
2 2661
2 1944
1 3063
2 132
1 6657
1 9665
2 997
2 2028
2 7520
2 7726
2 7746
1 6447
2 2127
2 5262
2 3426
1 8524
2 6358
1 9403
1 9915
1 5634
2 7015
2 7797
1 8904
2 8653
2 5784
1 9226
2 3996
1 5776
1 9802
2 289
2 2816
1 2081
2 6957
2 5778
2 3491
2 3302
2 493
2 7593
2 7770
1 3583
1 3192
2 519
1 2157
1 8100
2 4449
1 3979
2 3043
2 9109
1 3644
2 1900
2 3573
2 1298
2 218
1 7769
1 9233
2 6623
2 9207
1 3200
1 2022
2 51
1 7706
1 7230
2 8018
2 8817
1 3264
2 7640
2 3151
2 7926
2 5646
1 2762
2 6051
2 9223
2 6843
2 3742
1 9058
1 9198
2 6236
1 7656
1 9571
2 5809
1 3257
1 5945
2 1487
2 562
1 2375
1 4015
1 4567
2 5224
1 5024
2 5414
1 2627
2 6512
1 5363
1 2316
2 6022
2 6207
2 1958
2 7951
2 4331
2 9455
2 515
2 5359
2 7690
1 5456
2 403
1 5077
1 7893
1 6795
1 9335
2 3936
1 9823
2 2586
2 1754
1 2976
1 2927
2 3654
1 3801
1 7647
2 6175
2 9682
1 8000
2 1984
2 5464
1 5730
1 7250
2 959
2 1011
1 5456
1 9153
1 6659
2 4022
1 3690
2 2488
2 9715
2 5250
2 3917
2 5341
1 5301
2 6548
2 264
1 3536
2 1552
2 8509
1 3924
1 8482
2 4411
1 6301
1 4399
2 9826
2 7675
1 8160
1 6873
1 8641
1 3941
2 5458
2 7559
1 9124
2 1862
2 1006
1 4597
1 9234
2 8191
1 6729
2 8234
1 2264
2 9817
2 7638
1 6348
2 3517
2 6354
1 3460
2 4053
2 6765
1 3957
2 6345
2 81
1 4203
2 1080
1 5103
2 3407
1 6691
2 7560
1 4012
2 8474
1 6629
2 5819
1 8540
1 8346
1 2504
1 9829
2 337
2 6614
2 3915
2 8638
2 8138
2 5542
1 3187
2 5179
2 2126
1 5565
1 9595
1 2499
2 1434
1 6408
2 7820
2 2383
1 2208
2 2392
1 7591
1 3871
2 7071
1 7947
1 9712
2 9342
2 731
1 4657
1 5863
2 2878
1 3300
1 2625
1 3133
2 129
1 5238
1 2561
1 8229
1 7282
1 7004
1 3880
1 6302
1 4204
2 4629
2 6649
1 4627
1 9573
2 5233
2 1387
2 8068
2 1684
1 9952
2 2926
2 3519
1 9646
2 2683
1 7788
1 7178
1 8861
1 9902
2 7989
1 8739
1 7599
2 8052
1 5364
2 5007
2 7107
1 9252
2 3451
2 8153
2 3772
2 8795
1 5549
2 4611
2 2532
2 4635
2 6998
1 7868
2 5537
1 5457
1 5382
2 3734
1 5035
2 4954
1 5197
1 2932
2 1461
2 2375
1 5162
2 4396
1 4241
1 6290
1 5833
2 8407
2 4077
2 295
2 3330
1 2725
2 3098
2 7561
2 4412
2 9229
2 6640
1 5605
2 4170
1 8175
2 4374
2 6645
1 6254
2 8863
2 8585
1 2335
1 4253
1 8210
2 4923
1 8283
1 4809
2 5484
2 6936
1 2693
1 8436
1 8217
1 4218
2 8630
2 6169
2 3367
1 9749
2 5726
2 6293
1 9470
2 7148
2 7098
2 4673
1 4067
2 2772
2 4586
1 4136
2 184
1 5218
2 2780
2 2950
2 7491
2 9037
1 7729
2 5759
1 5110
2 7318
2 1213
1 2281
1 3566
2 5370
1 3417
1 9755
1 8473
2 3107
1 8577
2 9227
1 6798
2 7125
1 2729
2 4914
2 1303
2 1081
1 7097
1 5032
2 3031
2 598
2 5425
2 9686
2 4305
2 6508
2 7314
1 9400
1 2574
1 2679
1 2848
2 1418
2 3546
1 8892
2 3391
2 9104
1 6710
2 9655
2 2944
1 3330
1 9357
1 8126
2 1097
1 3733
2 7493
2 9191
2 9163
1 8570
1 6072
2 236
2 8367
1 9190
1 4916
2 6815
1 8111
1 4450
1 5448
2 2390
1 9664
2 7707
1 3057
1 4796
1 9532
1 9819
2 954
2 3799
2 4360
1 9325
2 2580
1 4652
2 73
1 4558
1 8233
1 7283
2 635
1 4098
1 6080
1 3364
2 2287
1 9126
2 8213
1 7661
1 8912
1 9086
2 8796
2 6184
2 4376
2 2946
2 6305
2 7432
2 9729
1 4758
2 7484
1 9232
2 1135
1 2132
1 8408
2 4544
1 5673
2 6133
1 6085
2 4402
2 3081
1 2925
1 6227
2 1578
1 6500
1 6908
1 9716
2 6371
1 7897
2 1676
2 9858
1 4297
1 5693
1 2129
1 2861
2 6757
1 5140
2 3068
2 3265
2 1946
2 401
1 3132
2 9151
1 2307
2 4446
2 9846
2 4264
1 4028
2 4812
2 6116
1 5247
2 9553
2 6739
1 3709
1 8924
2 296
2 6161
1 2058
2 2387
1 7685
1 5116
2 4240
2 7283
2 5044
1 4778
2 9985
1 3896
2 4866
2 2898
2 2882
1 7325
1 3020
2 1822
1 8260
1 4036
2 7583
2 5672
1 6133
1 4415
2 2711
1 9883
2 1673
2 3195
1 6706
1 8725
2 1018
1 6799
1 8565
1 8096
2 8664
2 9890
2 5853
2 5717
1 5076
1 8855
2 3567
1 8001
2 5972
2 1780
2 9509
2 9388
2 6689
1 4586
1 3674
2 4883
1 8643
2 7556
2 4885
1 5996
2 1016
2 460
1 3812
1 8923
2 6198
2 4550
2 8590
1 6724
2 3827
1 8575
1 2580
1 8294
1 9362
1 3814
1 2913
2 459
1 3975
1 9790
1 5325
2 3505
2 8637
1 7805
2 8011
1 4650
2 1607
2 9896
1 8937
1 7064
1 8840
2 7604
1 2347
2 4606
1 3848
1 5638
1 6920
2 2302
2 4059
2 1965
2 7953
2 4788
1 7257
2 4647
1 7027
1 5458
1 7928
2 1539
2 7337
2 659
1 4456
1 5588
2 7168
2 9617
2 5312
1 8332
1 6753
2 6502
1 4294
1 5411
1 3053
1 2639
1 7002
1 7916
2 1424
1 2892
2 559
2 2512
1 5969
1 7042
2 6744
2 287
2 1974
1 4446
2 6665
2 1610
1 9494
2 8200
2 1363
2 838
2 1760
1 5439
1 8934
2 5178
2 9911
1 2889
2 1616
2 1021
2 1160
2 1670
1 4205
2 3311
2 969
1 4659
2 5190
2 572
2 9444
1 8306
2 6617
1 8716
2 5395
2 1455
2 5400
2 2579
1 3778
1 8284
2 8672
1 3986
2 3695
1 8264
1 6751
1 9033
2 9281
2 3566
1 4779
2 9155
2 6414
2 3826
1 6417
2 6676
2 8267
2 6208
2 4012
1 9888
2 2100
2 358
1 6840
1 9049
2 8695
2 8465
2 9998
1 2170
2 3165
1 7353
2 7855
2 2715
2 9271
1 4871
2 5978
1 4095
1 9462
2 9282
1 4527
2 1504
2 8173
2 1602
1 4942
1 2328
2 2900
1 5965
1 3656
1 5546
2 4015
2 8837
1 3940
2 7254
2 2103
2 8343
1 2766
1 4068
1 2426
1 9096
1 9128
2 3247
2 6577
2 2554
1 5344
1 7288
2 7635
2 4001
2 4827
1 5249
2 4821
2 8229
1 8138
2 5014
2 6396
1 6463
2 4796
2 6925
1 6579
2 1278
2 9609
2 1618
1 7633
1 3833
1 5048
1 9903
1 4838
1 7879
1 3678
2 5564
2 9659
2 6684
1 7985
1 2860
2 1543
2 8126
1 5986
1 8302
2 8353
1 9536
2 2679
1 5871
1 4906
1 8908
2 9212
1 3465
2 893
1 9131
1 4593
1 8480
1 3463
2 5396
2 2731
2 482
1 6060
1 5283
1 5806
2 8238
2 8565
1 8262
2 1124
2 5618
2 1714
2 6375
1 2049
2 1
1 7277
1 8986
1 2635
1 3542
2 1895
2 9857
1 7383
2 3830
2 7077
2 1449
1 4947
2 2274
1 5059
1 3764
2 1419
1 6023
2 6449
2 8713
1 2836
1 7493
2 2213
2 8297
2 6515
1 2302
2 9219
2 5223
1 8210
1 5255
1 3470
1 5160
2 9904
2 8884
2 2141
2 8038
2 4986
2 6777
2 7749
1 7229
1 5088
2 5131
2 4181
2 4203
2 3104
2 8012
2 7464
2 375
1 9503
2 6020
1 4019
1 2720
1 6209
2 1981
2 1647
2 2917
2 912
1 5018
1 7132
2 1999
1 9074
2 4957
2 7014
1 2545
2 2040
2 1167
2 5300
1 3052
1 9772
2 4274
2 4351
2 7652
2 9664
1 5146
2 8773
2 3984
1 2739
2 6576
2 8516
1 7842
2 9811
2 6814
1 4964
2 8663
2 4432
2 873
1 2708
1 3441
2 1476
1 2135
1 4082
2 3494
2 5724
2 7154
2 8682
2 7420
1 6216
2 1577
2 1522
1 4389
2 1855
1 3641
2 7865
1 7291
1 8079
1 7153
2 6892
2 7981
1 5108
1 9661
1 3615
2 8081
2 540
2 9166
2 7773
1 3378
2 5143
2 3576
1 7131
2 5702
1 7379
2 8614
1 3627
1 4697
1 9324
1 6985
1 5636
1 4583
2 1654
2 3690
1 2676
2 8249
2 6840
2 3882
1 9359
2 6084
2 6048
2 387
2 364
2 6696
2 4824
2 8452
1 4691
2 5255
1 2481
1 3164
2 821
2 2837
2 7567
2 1502
1 8161
1 4894
2 9167
1 5359
1 9258
2 6922
2 1527
2 3879
2 9164
2 5520
2 7458
1 9868
2 5957
2 9689
1 4889
1 6403
2 1557
2 4244
1 5053
2 1517
1 3689
2 9671
2 8206
2 2037
1 5615
2 9228
1 8646
2 9056
2 3169
1 7328
1 7581
1 6022
2 750
2 234
2 7094
1 9848
1 8967
1 4735
1 2434
2 5987
1 8551
2 8336
2 123
1 3262
1 4352
1 3082
1 7465
1 3195
2 7212
1 4772
1 7795
1 2401
1 8791
2 1192
2 3888
1 6907
1 5376
2 4748
2 4179
2 2561
1 6868
2 5807
1 7734
2 3731
1 8950
2 5071
1 8230
2 3427
1 2203
1 4139
2 5458
2 7564
2 5945
2 8878
1 6767
1 2069
1 8505
2 7625
1 5386
2 3445
1 4412
1 5339
1 4113
2 3465
1 8123
2 7594
1 6571
2 6726
2 1765
1 3177
1 8037
1 2473
1 3327
2 7415
2 326
2 2187
2 2518
1 4402
1 7098
2 9405
2 744
2 2080
1 5025
1 8177
2 9941
1 7394
1 2169
2 5600
2 5405
2 4978
1 5332
2 1674
1 4557
2 7719
2 5982
2 8693
1 6721
2 1597
2 6278
1 8121
2 7356
2 9866
2 2541
1 5171
1 7522
2 7100
1 6113
2 3955
2 6702
1 9904
1 5028
1 4075
2 4327
2 1828
1 4233
2 9086
1 6271
1 2035
1 6847
1 5348
2 4041
1 6871
1 4956
1 4459
2 8822
1 9652
2 3957
2 5939
1 2204
2 114
1 5595
2 7423
2 7962
2 3668
2 279
2 2107
2 5061
2 9927
1 4256
2 665
2 2060
2 2435
2 3396
1 3981
2 7731
1 8261
2 7320
2 7425
1 6524
2 1058
2 5856
2 3218
1 4977
2 5585
2 883
2 9047
2 8043
1 8751
1 4304
2 3667
1 4377
2 9250
1 5314
2 8824
2 7747
1 2879
2 8274
2 2071
1 9341
2 2137
1 8452
2 8404
2 1240
2 7044
2 7786
1 2518
2 5913
1 2888
2 7766
2 5207
2 4068
2 8760
1 3971
1 9589
1 8154
2 6311
2 6142
2 4269
1 8122
2 4779
1 5556
2 6849
2 5684
2 9430
2 6418
2 5317
2 9679
1 3281
2 6948
2 9765
2 5125
2 2794
2 2415
1 7241
2 373
1 8853
2 3353
1 8980
2 6525
1 9395
2 1065
1 3188
1 3224
1 7887
2 1183
1 4061
2 5406
2 7112
2 2057
2 2095
2 8365
1 7404
2 9805
2 2565
2 6987
2 1681
2 5114
2 84
2 2379
1 8304
2 1657
2 6972
2 7787
2 2258
2 652
2 4253
2 6415
1 2765
2 8106
1 9948
2 4899
2 8781
2 9338
1 3902
1 4331
1 5258
2 4321
2 1685
2 5015
2 4386
1 8536
1 6341
1 6362
2 3533
1 9046
1 5057
2 8328
2 2502
1 4851
2 1622
1 6531
1 8752
1 3113
1 7878
2 4771
2 966
1 9290
1 2073
2 9692
2 2335
1 8649
2 2441
2 8195
2 8122
1 3543
2 3871
2 4565
1 8605
1 5022
1 8144
1 8010
2 2803
2 9479
2 1542
1 5787
2 3021
1 2483
1 8560
1 8884
2 8955
1 3570
2 9204
1 6782
2 2605
2 5163
2 3190
2 3564
2 9113
2 5961
1 3628
1 2905
1 9007
2 1601
2 1188
1 7149
2 7537
1 6221
2 5299
1 4091
2 6095
2 4703
2 7694
1 6915
2 9433
2 4136
2 5685
1 4632
1 6041
1 3457
1 3852
2 1536
1 9887
1 3001
2 6585
2 8794
2 2931
2 4459
2 5351
2 2442
1 4983
2 1180
1 9339
1 9345
2 3676
2 5006
2 7173
1 5815
2 4766
2 8236
2 6633
2 5973
1 3760
1 7390
2 4916
2 213
1 6766
2 7835
2 4988
1 8706
2 301
2 2363
2 9982
2 2115
1 8879
2 2569
2 9648
1 2301
2 9237
1 6885
1 8822
2 8351
2 3988
2 2744
1 9684
1 2345
2 1832
2 2623
2 1453
2 8134
1 9165
2 6117
2 1943
2 5437
2 7299
1 6614
2 3405
2 977
1 9924
2 1483
2 2688
2 4896
1 9857
2 6053
2 6929
1 7213
2 285
1 3178
1 5192
2 9684
2 3599
1 8611
1 9988
1 2954
2 9365
2 6607
2 4413
1 6125
2 987
1 9865
2 5888
1 6078
2 4302
2 9125
2 4819
1 4471
1 9075
2 78
2 4829
1 6158
1 5791
2 5350
2 5711
2 5584
1 6927
1 9583
1 4361
2 1316
1 8301
2 2463
1 6757
1 5741
2 3483
2 4065
2 9118
2 4407
2 1346
2 1546
2 4903
2 6454
2 6587
2 8373
1 2717
1 7662
1 4219
1 2318
2 7182
2 9657
2 2847
1 8321
2 1622
2 9718
2 9625
2 7799
2 2453
2 4922
1 9580
2 6155
2 4487
2 5889
1 4172
1 2356
2 4375
2 8477
1 6296
1 2195
1 6970
2 7416
2 7760
2 4182
1 2555
2 8709
2 4855
1 6045
1 9561
1 2937
2 8652
2 9475
1 4879
2 3382
2 8632
1 7582
1 8859
2 5739
1 7302
2 9319
2 8262
1 8614
2 4777
2 1350
2 8383
2 3092
1 8250
2 8500
1 4534
2 5963
1 8320
2 7303
2 3143
1 4272
2 3213
2 7067
2 1394
2 4571
2 2961
2 7103
1 3569
1 3154
2 9703
2 854
2 2128
2 6895
2 2268
1 5774
2 2627
2 2730
2 46
2 5995
2 5181
1 2871
1 7088
1 7218
2 2130
2 49
1 3367
2 5596
2 2133
1 2286
2 9273
2 6032
2 9063
2 1807
2 4632
2 7081
2 2424
2 5072
2 2203
2 9031
1 4357
1 2521
1 4423
1 7566
2 5147
2 7983
1 9378
2 6530
2 2813
1 7808
1 4163
1 3739
1 3266
2 9323
1 2068
2 908
2 220
2 4520
1 9776
1 7084
1 5260
1 4509
1 9216
1 3471
2 3041
1 3830
1 2479
1 2828
1 8516
2 1890
1 5170
2 9285
1 6010
2 2440
2 3709
1 4784
1 5764
1 3734
2 5045
2 2461
1 4573
2 2531
2 9891
2 2179
1 7906
2 173
2 4173
2 7385
2 1155
1 8132
2 7897
2 8893
2 9459
1 4384
2 9722
1 3688
2 8692
1 6891
1 5256
2 319
1 2626
2 9284
1 3980
1 2999
2 9045
2 8430
1 8848
1 4404
1 2290
1 8813
1 4053
2 7543
1 6832
2 592
2 2705
1 5821
2 5094
1 2120
2 9808
2 5764
1 4032
2 271
2 9412
2 181
2 3423
2 2884
2 9502
2 7223
2 9162
1 8925
1 6895
1 2812
1 9620
1 2573
2 6031
2 1860
2 4781
2 2928
1 8268
1 9062
1 3031
2 7202
2 9577
1 8806
2 522
2 3727
2 6529
1 3950
2 1488
2 8168
2 1425
2 4572
2 2912
2 7536
2 8029
2 3413
2 6158
1 9104
1 8629
2 3714
2 7039
1 4943
1 2763
1 6229
2 7185
1 9615
1 7763
2 6018
2 3189
1 4581
2 9120
2 3089
1 2981
1 8463
1 3373
2 170
2 2985
2 5566
2 3049
1 3419
1 4482
1 8133
2 4498
2 487
1 3946
1 8977
2 5150
2 7470
2 356
2 7448
2 755
1 9223
1 4635
2 7811
1 4661
1 6025
1 7600
2 6495
1 4899
2 4400
1 4767
1 4239
1 4922
1 8239
1 2722
2 8981
2 4063
2 2924
2 798
1 6047
2 2795
1 6242
2 2675
1 6327
2 5201
1 3088
2 3978
1 6596
2 3404
2 3251
1 6167
1 5380
2 1520
2 1099
2 4301
2 6392
2 9244
2 9389
2 6667
1 6655
1 8971
2 5310
2 565
2 5526
1 2831
2 7219
1 6432
2 8366
2 7201
1 6855
2 1809
2 4699
1 2857
2 8624
2 7435
1 4243
1 2825
2 6179
2 4674
1 9009
2 3113
2 8459
2 7422
1 7121
2 4667
1 8956
2 2599
2 3754
2 4371
1 9386
1 9120
2 2764
2 4389
1 9513
1 4097
2 9504
1 2875
2 2820
1 4146
2 8900
2 4844
1 6604
1 3713
1 3732
2 9786
1 6646
2 5327
2 9914
1 6036
2 590
2 7970
1 7449
2 2324
2 8130
2 9874
1 4643
2 3908
1 3280
2 1171
2 2916
1 9160
2 555
2 2344
1 3391
1 2894
1 2384
2 1675
2 3424
1 4911
1 5400
1 5340
1 8366
1 4958
1 4503
2 4491
1 9401
2 3373
1 9935
2 5104
1 2291
2 9200
1 4038
2 3091
2 6013
2 4849
2 5897
2 865
1 6313
1 3718
2 3357
2 5344
2 1603
2 3763
1 5600
2 3159
2 2459
1 6111
1 8363
2 1320
2 6232
2 2018
2 3909
1 3965
1 8573
1 6841
2 3499
2 6182
2 2509
2 3292
1 8491
1 3745
1 5250
1 8566
2 921
1 3121
2 180
1 6781
1 8209
2 9875
1 8424
1 3673
2 4870
2 5651
2 9235
2 3128
1 4117
2 7160
1 5391
1 6628
2 1801
2 9325
2 5248
2 1305
1 3403
2 5133
1 3223
1 8903
2 6225
2 6703
1 2796
2 9492
2 5157
2 3235
1 4116
1 6275
1 2378
1 3746
1 5946
1 8744
2 3628
1 5069
2 9630
2 7443
2 6489
2 7042
1 2108
2 2215
1 6502
1 5188
1 9274
2 3740
1 6845
1 5508
2 878
1 3714
2 1595
2 383
2 7179
2 1430
2 3934
2 3156
1 8993
1 9602
2 2593
1 3089
1 5352
2 6390
1 6741
2 9260
2 8071
1 2991
1 3595
1 7092
1 5095
2 7722
2 6537
2 4110
1 7043
1 3033
2 9216
1 5781
2 8872
1 4460
2 6228
2 3730
2 6557
2 1028
1 4733
2 3209
2 3956
2 7685
2 9653
1 2756
2 1268
2 7400
1 7564
2 5668
2 9993
1 6883
1 5374
1 2979
2 7409
2 9743
1 6962
2 8798
2 2045
2 5041
2 7660
2 355
2 8198
1 2274
1 6014
2 5766
2 8945
1 8014
1 9510
2 2746
1 9213
2 7471
2 7781
1 8530
1 5431
1 3434
1 9535
2 1533
1 4417
1 7134
1 2748
2 1109
2 5639
1 4937
1 8657
2 2853
1 8960
1 4693
1 8983
1 3381
2 7193
2 5258
1 4742
1 8700
2 3516
2 3764
1 8474
1 5708
2 4698
1 6961
1 3359
2 36
1 3623
2 1066
1 5525
1 4440
2 4367
2 2449
1 8071
2 8727
1 9064
1 8563
1 8414
2 7393
2 425
2 6461
2 7190
2 3820
2 5294
1 6793
2 4615
2 2181
2 9487
1 3362
1 6405
2 2116
1 4991
1 4087
1 3476
1 6633
2 5000
1 5866
1 4516
1 9296
1 9372
1 8867
2 3047
2 16
2 1964
2 5383
2 9072
2 214
1 4821
2 4690
2 4212
2 4395
1 4833
2 2591
2 3703
2 6674
1 5343
1 8365
2 6701
1 8758
1 6448
2 1968
2 50
2 3149
1 9590
2 8255
2 6416
1 6677
2 4090
2 996
2 670
1 2814
1 9879
1 9445
1 2531
1 2458
2 1137
1 5640
2 3200
1 5865
2 7462
1 7551
1 8446
2 3875
1 2174
1 6333
2 1805
1 9299
2 3834
1 8345
1 3616
1 5119
1 2105
2 5205
2 5161
2 4310
1 7167
2 7131
1 2961
1 4971
2 3368
1 7904
2 4142
2 7199
2 8858
2 5635
2 318
1 4633
2 5009
1 7439
2 4156
2 5738
1 7021
2 843
2 585
1 3255
1 7730
2 5342
1 4696
2 9079
1 6995
2 6694
2 3841
2 7073
2 5509
2 2264
2 6638
2 7232
1 4228
1 8781
1 8710
2 2934
2 249
2 3796
2 6286
1 4802
2 320
2 535
2 8254
1 8256
2 6355
2 8673
1 9318
2 3850
1 5048
1 8372
2 3583
1 3720
1 8003
1 5309
2 9614
1 8945
2 643
2 9030
1 2330
2 8744
2 8996
1 2827
2 9584
2 7819
1 7773
2 2229
2 2090
1 4280
2 3578
1 2428
2 789
1 8063
1 4480
1 6122
2 2527
2 6040
2 4311
2 7136
1 4084
1 2459
2 8927
2 7605
1 9199
1 9068
2 2301
2 3369
2 8187
2 1934
2 3906
2 4732
1 8374
2 1950
1 2151
2 626
2 4038
1 9568
1 9459
1 7438
1 7932
2 1573
2 3214
1 4976
1 4183
2 9053
1 9323
2 4105
2 8699
1 2232
2 5272
2 6
1 4620
1 3735
1 9444
2 3248
2 985
1 5189
1 5686
2 3892
1 7133
2 2454
2 809
2 2590
2 4765
2 7391
2 261
1 2637
2 6170
1 8176
2 7257
2 3706
1 8062
1 9563
1 7918
1 4972
2 431
2 7877
1 2342
1 8139
2 7693
1 5168
2 1322
2 9571
2 430
1 9493
1 4828
1 2869
1 3889
1 8211
1 9180
1 3118
2 110
2 8774
2 1815
2 2012
2 1851
2 1130
2 7912
2 8312
1 6115
1 9691
2 7546
2 5313
2 3099
1 5370
1 3239
2 3459
1 7713
1 7740
2 6799
1 7691
2 8009
2 8948
2 7610
1 8343
2 6239
1 5235
1 3491
2 1918
2 8333
1 8968
2 4496
2 9092
1 5657
1 5471
1 9017
2 3569
1 2372
2 7783
2 345
2 6547
2 7325
1 5101
1 6519
2 5822
2 6713
2 2811
2 4940
2 8137
2 967
2 3111
2 6858
2 9116
1 6914
1 6353
1 7018
2 783
2 2765
1 6082
2 2662
1 8528
2 8354
1 2926
1 2182
2 8767
2 2245
2 193
2 7794
2 5578
1 7099
1 3938
1 6574
2 4437
2 8013
1 7579
2 3450
2 9688
1 6067
2 2504
2 1821
1 2207
1 9147
2 3293
2 2897
2 4891
1 6754
2 7859
2 1555
2 5506
1 7142
2 9032
2 2899
2 6628
2 2927
2 139
2 9424
2 8047
2 5630
1 7810
2 2658
1 8313
2 6966
2 8103
2 112
2 567
2 5985
1 5172
2 7397
2 9505
2 5991
2 4559
1 6606
1 9207
2 6374
2 1914
2 7019
2 6976
1 9024
1 5962
1 3594
1 6713
2 6166
1 3857
1 5642
1 3483
2 8894
1 3497
2 1475
1 6858
2 7585
2 686
1 2691
1 4647
1 4728
1 6784
1 3181
1 8756
2 3907
1 8069
2 9429
2 9004
2 2673
2 7721
2 8931
1 5854
1 9246
1 9751
2 4969
2 297
2 2849
2 7828
1 5000
2 1277
2 2346
1 6669
1 2908
1 8170
2 5215
1 9014
1 2193
2 8108
2 801
2 8830
2 6886
2 9327
2 7818
2 5053
1 3694
2 6938
2 1627
1 4195
2 5984
2 9236
2 5560
2 2976
1 2495
1 6356
2 7082
1 7750
2 2427
1 2063
2 3712
1 2647
1 8503
1 2404
1 8310
1 3423
1 5483
1 9763
2 5026
1 6680
1 5590
1 9066
2 6796
2 3736
2 416
2 4177
2 3725
1 2390
2 2621
2 3282
2 2460
2 8525
1 9289
2 417
2 4735
2 1307
1 6591
1 2736
2 2422
2 156
1 9411
2 8930
2 1074
1 9021
1 6192
2 7967
1 2221
2 8484
1 7073
2 3855
1 5157
1 5345
2 5302
2 1413
1 7642
1 8257
2 7639
2 8942
2 8598
1 7849
2 889
2 1839
2 7398
2 5235
1 9311
2 1660
2 8543
2 6111
2 8737
2 9538
2 1219
1 4812
1 7674
1 2147
2 368
1 5754
2 5907
2 6481
2 5145
2 6289
2 9387
1 7666
1 6210
1 3707
2 2585
2 2513
1 4757
1 5177
1 9334
1 2267
1 5527
1 8356
1 6187
1 3882
2 9641
2 3255
1 5184
2 8898
2 7506
2 9246
1 7724
1 4296
2 1399
2 3006
1 3650
1 4427
2 8702
1 4504
1 7433
1 6199
2 3083
2 1653
1 6412
1 9487
1 3640
2 9085
2 8381
1 5911
1 2026
1 2881
2 6612
2 2886
2 4906
2 9876
2 1735
1 9547
2 868
2 6838
1 6106
1 4399
2 2291
2 9556
2 2680
2 1696
2 3632
1 4138
2 650
2 3765
2 2736
1 8042
2 4630
2 800
1 4933
1 4721
2 9647
2 4718
1 8472
2 2911
2 2209
2 4798
1 5666
1 8695
1 9686
1 2186
2 7005
1 7768
2 5407
2 7026
1 2040
1 8004
1 8609
2 9445
1 8038
2 5166
1 8402
2 4017
2 3160
2 3523
1 6201
1 7174
2 5780
1 3907
1 8171
2 796
2 7174
1 8012
1 2323
2 5794
2 3179
2 7633
1 4849
1 5449
1 7126
1 9748
1 8413
2 4272
2 2360
1 4831
1 7589
2 4841
2 1642
1 9991
1 4410
2 3622
1 2218
1 7101
1 7612
2 5340
2 6067
1 3550
2 4409
1 4487
2 5331
2 4567
1 9069
1 2260
1 8816
1 4669
1 3320
1 5831
2 251
1 9585
2 1235
2 9495
1 2114
1 7159
1 7392
2 8775
2 5824
2 8000
1 8870
2 7421
2 7996
1 9556
2 2611
1 4992
2 6874
1 8290
2 3326
2 2477
2 9836
2 6761
1 7247
2 7843
2 6491
2 6954
2 1990
2 5099
1 3606
2 3945
1 2682
2 4770
1 7321
1 2090
1 5941
1 9934
2 9481
2 6157
1 2494
1 2851
2 1170
2 3289
2 2742
2 4166
2 4738
1 8654
2 743
2 3256
1 6430
2 3115
2 6539
1 4547
1 4519
2 1164
1 2440
2 8481
1 5055
1 6320
2 5591
1 9800
1 9757
2 5967
2 8906
1 9270
2 7733
2 3010
1 9488
1 3637
2 2862
2 7087
1 7481
2 7894
2 2429
1 9387
2 8342
2 3860
1 3356
1 7778
1 4341
2 3340
2 8064
2 1070
1 6203
2 2521
1 9309
1 4918
2 8119
1 7265
2 1410
2 7795
1 4206
1 6663
2 2669
2 5280
1 8149
1 3516
1 4803
2 4505
1 6747
2 3192
1 3891
1 7663
2 8701
2 4702
1 6147
1 3179
2 5186
1 3129
1 9262
1 2623
2 8442
1 9310
2 3865
2 6855
1 9291
1 2697
1 5948
1 8732
1 3255
1 2515
2 2278
1 4315
1 3751
2 8307
2 9126
2 3786
1 8990
2 4573
2 1910
2 4984
2 2740
1 3337
1 6960
1 7757
2 6197
2 9139
1 8481
1 8835
2 2629
2 5653
1 8698
1 6893
1 4932
2 4603
2 1313
2 9721
2 3846
1 6785
2 6974
2 6062
2 4605
2 278
1 5010
1 3208
1 5289
1 7886
1 6932
1 3254
2 8557
2 984
1 4603
2 8717
2 6164
2 4422
2 8957
2 7217
1 7408
1 2522
1 2534
1 8030
1 6153
2 834
2 7745
1 3036
1 7650
1 5668
1 8767
2 2067
1 7199
2 7858
2 8808
1 3794
1 9112
2 4704
1 2045
2 6511
1 7224
2 34
1 7567
2 937
2 3131
1 3144
2 8039
2 5010
2 9178
2 20
1 5313
2 1727
1 8456
1 8714
1 7940
2 8971
1 6769
2 4054
2 1149
2 3756
1 6454
2 9801
1 7144
1 6054
1 4060
1 5354
2 3721
2 2503
2 1690
2 8261
1 3185
2 7313
2 3120
1 6819
2 2782
1 7102
2 1176
2 870
1 6875
2 2698
2 9080
2 5482
1 3150
2 9798
2 266
2 829
1 3283
2 5296
2 7505
2 9791
2 1689
2 5958
2 1976
1 2422
1 6497
2 6115
1 3282
2 5504
1 8770
2 5001
1 6213
1 6077
2 8793
2 5783
1 7981
2 7785
2 3172
2 9061
1 9943
2 5977
1 4105
1 5921
2 3411
2 7368
1 8232
2 3254
2 7142
2 6320
1 2373
1 2199
1 8235
1 6325
2 2254
2 502
1 10000
2 1703
2 6865
2 2584
1 9631
1 3339
2 9681
1 6818
2 1725
1 4982
1 5204
1 4681
1 2940
1 2514
1 4313
1 6649
2 8998
1 7482
1 2446
2 3344
2 9807
1 7082
1 3483
2 7711
1 3970
2 2340
2 3337
1 4169
1 6381
1 4190
2 6758
1 3074
1 7281
2 6610
2 4716
1 3653
2 6160
2 4176
2 5129
1 9254
1 6567
2 8066
1 2100
1 7491
2 270
2 3647
1 7503
2 2630
2 3792
1 8753
2 8934
2 7057
2 6621
2 1919
1 7621
1 4834
2 1101
2 8395
2 1405
2 5701
2 8036
2 141
1 3650
1 3872
2 2972
2 976
2 6913
2 4810
1 3278
2 3961
1 7200
1 2417
1 2060
1 8289
2 2659
1 6719
2 2758
2 9322
2 1721
2 8919
2 6437
2 8167
1 3715
1 3722
2 1195
2 5220
1 8318
1 4323
2 6091
2 3839
2 5656
2 7969
2 7178
2 9678
1 9894
1 2629
2 3779
1 4115
2 6262
2 8533
1 4334
2 7076
2 9531
2 2877
2 1144
2 179
1 8314
2 133
2 2110
1 7086
2 4553
2 7061
1 7512
1 2733
1 3710
1 8371
2 8896
2 9491
2 7586
2 4094
2 8490
2 3269
2 704
2 1204
2 1260
2 9173
1 6694
2 5115
1 4680
1 9508
2 721
2 5074
2 8037
2 7910
2 2568
2 5881
2 1970
2 8429
2 6816
1 4575
2 293
2 2122
2 8520
2 2530
1 7441
1 3100
1 9760
1 7907
2 3544
2 1484
2 8755
2 2386
2 5100
2 5058
2 4260
1 3213
2 4145
2 6798
2 6980
2 6123
2 7532
2 5617
2 9871
1 4464
2 497
1 2620
2 4934
2 1937
2 5638
1 5263
1 2945
1 9937
2 9624
1 8049
2 6969
2 3896
2 7763
2 3895
2 9635
2 3868
2 8576
1 3375
2 8219
2 7808
2 8536
2 4076
1 8857
1 5982
2 2329
1 8065
1 3743
1 3584
2 1497
1 2101
2 5433
2 8623
2 3400
2 5154
2 8063
1 2744
2 7126
1 9183
2 8478
1 7109
1 4478
1 2025
2 6383
2 6327
2 7995
2 8144
2 7643
2 7762
1 9501
2 561
1 5046
1 9443
1 3312
1 3395
1 3041
2 8829
1 9827
2 4275
2 6336
2 1031
1 2111
1 4211
2 3832
2 2802
2 545
1 3639
1 6557
1 2374
1 4525
1 2431
2 5574
1 5040
2 1993
2 8310
2 2282
2 3540
2 258
2 5954
2 9779
1 8094
1 8449
2 1151
1 8234
1 6084
2 4034
1 2774
1 7627
1 7548
1 7496
1 2297
1 5383
1 2225
1 3701
2 4247
2 5242
1 3406
2 4555
1 6773
2 8690
2 1365
1 7445
2 5454
2 4618
1 2027
2 4752
1 8595
2 1051
1 3524
2 3761
2 1694
1 8746
2 9369
2 1861
1 3323
1 4529
1 4595
1 6211
1 8969
1 7725
2 6993
2 7909
1 2619
2 272
2 3246
1 3443
1 4321
2 185
2 4135
2 939
2 684
2 6963
2 484
1 7839
1 9238
2 4894
2 7274
2 3182
1 3619
2 4568
2 9394
2 3696
2 9103
2 1094
2 3039
2 2515
2 6145
1 4815
1 7141
1 7604
2 9575
2 2510
2 4316
2 4083
2 4552
2 8015
1 3769
1 7965
2 127
2 1831
1 7393
2 3183
1 9933
2 8556
1 6102
1 9282
2 4868
2 7886
1 4737
1 7393
1 6662
1 5489
2 1551
2 637
1 3903
1 5226
1 4179
1 6035
1 8800
2 974
2 2391
2 733
1 8515
1 9218
1 3040
2 9147
1 4295
1 5881
2 4850
2 2975
2 1656
2 9594
2 6493
2 926
1 8183
2 6360
1 5676
2 1333
2 334
2 8223
2 6686
2 145
2 871
1 5981
2 840
2 2377
2 4524
1 2616
2 7831
1 3329
2 6045
2 9304
1 8982
2 4908
1 3519
2 3707
1 8165
1 9504
1 4764
2 2357
1 6987
1 6232
1 4055
2 3662
1 6177
1 9076
1 2234
1 6707
1 2591
1 4044
2 3944
2 365
1 4861
1 7958
2 4479
1 9826
1 2469
2 1154
1 9440
2 4707
2 2653
2 2966
1 7506
2 5643
2 1529
1 7030
1 6468
2 3469
1 8024
2 7170
1 9816
2 2655
2 5287
2 3475
1 5281
1 7528
2 613
1 8814
2 3884
2 6109
1 8507
1 8951
2 6500
2 9160
2 4759
1 7044
1 8665
1 5786
2 4701
1 8276
1 7089
2 1289
1 7532
2 5188
1 8163
2 7566
2 1409
2 6000
1 5861
2 4332
1 5583
2 8358
2 940
1 3518
2 9051
1 7029
2 7321
2 2273
1 3657
2 6298
2 4613
1 8696
2 9400
2 5925
2 2161
2 3968
1 6311
2 4266
2 8828
1 5356
2 1932
2 8257
2 385
1 2500
2 660
2 2807
2 1988
2 2102
1 7508
2 3105
2 9944
2 1564
1 9094
1 8139
1 4750
2 3939
1 9328
2 2704
2 9863
2 4980
2 3773
1 6139
2 4582
2 7379
2 4927
2 201
2 2661
2 1944
1 3063
2 132
1 6657
1 9665
2 997
2 2028
2 7520
2 7726
2 7746
1 6447
2 2127
2 5262
2 3426
1 8524
2 6358
1 9403
1 9915
1 5634
2 7015
2 7797
1 8904
2 8653
2 5784
1 9226
2 3996
1 5776
1 9802
2 289
2 2816
1 2081
2 6957
2 5778
2 3491
2 3302
2 493
2 7593
2 7770
1 3583
1 3192
2 519
1 2157
1 8100
2 4449
1 3979
2 3043
2 9109
1 3644
2 1900
2 3573
2 1298
2 218
1 7769
1 9233
2 6623
2 9207
1 3200
1 2022
2 51
1 7706
1 7230
2 8018
2 8817
1 3264
2 7640
2 3151
2 7926
2 5646
1 2762
2 6051
2 9223
2 6843
2 3742
1 9058
1 9198
2 6236
1 7656
1 9571
2 5809
1 3257
1 5945
2 1487
2 562
1 2375
1 4015
1 4567
2 5224
1 5024
2 5414
1 2627
2 6512
1 5363
1 2316
2 6022
2 6207
2 1958
2 7951
2 4331
2 9455
2 515
2 5359
2 7690
1 5456
2 403
1 5077
1 7893
1 6795
1 9335
2 3936
1 9823
2 2586
2 1754
1 2976
1 2927
2 3654
1 3801
1 7647
2 6175
2 9682
1 8000
2 1984
2 5464
1 5730
1 7250
2 959
2 1011
1 5456
1 9153
1 6659
2 4022
1 3690
2 2488
2 9715
2 5250
2 3917
2 5341
1 5301
2 6548
2 264
1 3536
2 1552
2 8509
1 3924
1 8482
2 4411
1 6301
1 4399
2 9826
2 7675
1 8160
1 6873
1 8641
1 3941
2 5458
2 7559
1 9124
2 1862
2 1006
1 4597
1 9234
2 8191
1 6729
2 8234
1 2264
2 9817
2 7638
1 6348
2 3517
2 6354
1 3460
2 4053
2 6765
1 3957
2 6345
2 81
1 4203
2 1080
1 5103
2 3407
1 6691
2 7560
1 4012
2 8474
1 6629
2 5819
1 8540
1 8346
1 2504
1 9829
2 337
2 6614
2 3915
2 8638
2 8138
2 5542
1 3187
2 5179
2 2126
1 5565
1 9595
1 2499
2 1434
1 6408
2 7820
2 2383
1 2208
2 2392
1 7591
1 3871
2 7071
1 7947
1 9712
2 9342
2 731
1 4657
1 5863
2 2878
1 3300
1 2625
1 3133
2 129
1 5238
1 2561
1 8229
1 7282
1 7004
1 3880
1 6302
1 4204
2 4629
2 6649
1 4627
1 9573
2 5233
2 1387
2 8068
2 1684
1 9952
2 2926
2 3519
1 9646
2 2683
1 7788
1 7178
1 8861
1 9902
2 7989
1 8739
1 7599
2 8052
1 5364
2 5007
2 7107
1 9252
2 3451
2 8153
2 3772
2 8795
1 5549
2 4611
2 2532
2 4635
2 6998
1 7868
2 5537
1 5457
1 5382
2 3734
1 5035
2 4954
1 5197
1 2932
2 1461
2 2375
1 5162
2 4396
1 4241
1 6290
1 5833
2 8407
2 4077
2 295
2 3330
1 2725
2 3098
2 7561
2 4412
2 9229
2 6640
1 5605
2 4170
1 8175
2 4374
2 6645
1 6254
2 8863
2 8585
1 2335
1 4253
1 8210
2 4923
1 8283
1 4809
2 5484
2 6936
1 2693
1 8436
1 8217
1 4218
2 8630
2 6169
2 3367
1 9749
2 5726
2 6293
1 9470
2 7148
2 7098
2 4673
1 4067
2 2772
2 4586
1 4136
2 184
1 5218
2 2780
2 2950
2 7491
2 9037
1 7729
2 5759
1 5110
2 7318
2 1213
1 2281
1 3566
2 5370
1 3417
1 9755
1 8473
2 3107
1 8577
2 9227
1 6798
2 7125
1 2729
2 4914
2 1303
2 1081
1 7097
1 5032
2 3031
2 598
2 5425
2 9686
2 4305
2 6508
2 7314
1 9400
1 2574
1 2679
1 2848
2 1418
2 3546
1 8892
2 3391
2 9104
1 6710
2 9655
2 2944
1 3330
1 9357
1 8126
2 1097
1 3733
2 7493
2 9191
2 9163
1 8570
1 6072
2 236
2 8367
1 9190
1 4916
2 6815
1 8111
1 4450
1 5448
2 2390
1 9664
2 7707
1 3057
1 4796
1 9532
1 9819
2 954
2 3799
2 4360
1 9325
2 2580
1 4652
2 73
1 4558
1 8233
1 7283
2 635
1 4098
1 6080
1 3364
2 2287
1 9126
2 8213
1 7661
1 8912
1 9086
2 8796
2 6184
2 4376
2 2946
2 6305
2 7432
2 9729
1 4758
2 7484
1 9232
2 1135
1 2132
1 8408
2 4544
1 5673
2 6133
1 6085
2 4402
2 3081
1 2925
1 6227
2 1578
1 6500
1 6908
1 9716
2 6371
1 7897
2 1676
2 9858
1 4297
1 5693
1 2129
1 2861
2 6757
1 5140
2 3068
2 3265
2 1946
2 401
1 3132
2 9151
1 2307
2 4446
2 9846
2 4264
1 4028
2 4812
2 6116
1 5247
2 9553
2 6739
1 3709
1 8924
2 296
2 6161
1 2058
2 2387
1 7685
1 5116
2 4240
2 7283
2 5044
1 4778
2 9985
1 3896
2 4866
2 2898
2 2882
1 7325
1 3020
2 1822
1 8260
1 4036
2 7583
2 5672
1 6133
1 4415
2 2711
1 9883
2 1673
2 3195
1 6706
1 8725
2 1018
1 6799
1 8565
1 8096
2 8664
2 9890
2 5853
2 5717
1 5076
1 8855
2 3567
1 8001
2 5972
2 1780
2 9509
2 9388
2 6689
1 4586
1 3674
2 4883
1 8643
2 7556
2 4885
1 5996
2 1016
2 460
1 3812
1 8923
2 6198
2 4550
2 8590
1 6724
2 3827
1 8575
1 2580
1 8294
1 9362
1 3814
1 2913
2 459
1 3975
1 9790
1 5325
2 3505
2 8637
1 7805
2 8011
1 4650
2 1607
2 9896
1 8937
1 7064
1 8840
2 7604
1 2347
2 4606
1 3848
1 5638
1 6920
2 2302
2 4059
2 1965
2 7953
2 4788
1 7257
2 4647
1 7027
1 5458
1 7928
2 1539
2 7337
2 659
1 4456
1 5588
2 7168
2 9617
2 5312
1 8332
1 6753
2 6502
1 4294
1 5411
1 3053
1 2639
1 7002
1 7916
2 1424
1 2892
2 559
2 2512
1 5969
1 7042
2 6744
2 287
2 1974
1 4446
2 6665
2 1610
1 9494
2 8200
2 1363
2 838
2 1760
1 5439
1 8934
2 5178
2 9911
1 2889
2 1616
2 1021
2 1160
2 1670
1 4205
2 3311
2 969
1 4659
2 5190
2 572
2 9444
1 8306
2 6617
1 8716
2 5395
2 1455
2 5400
2 2579
1 3778
1 8284
2 8672
1 3986
2 3695
1 8264
1 6751
1 9033
2 9281
2 3566
1 4779
2 9155
2 6414
2 3826
1 6417
2 6676
2 8267
2 6208
2 4012
1 9888
2 2100
2 358
1 6840
1 9049
2 8695
2 8465
2 9998
1 2170
2 3165
1 7353
2 7855
2 2715
2 9271
1 4871
2 5978
1 4095
1 9462
2 9282
1 4527
2 1504
2 8173
2 1602
1 4942
1 2328
2 2900
1 5965
1 3656
1 5546
2 4015
2 8837
1 3940
2 7254
2 2103
2 8343
1 2766
1 4068
1 2426
1 9096
1 9128
2 3247
2 6577
2 2554
1 5344
1 7288
2 7635
2 4001
2 4827
1 5249
2 4821
2 8229
1 8138
2 5014
2 6396
1 6463
2 4796
2 6925
1 6579
2 1278
2 9609
2 1618
1 7633
1 3833
1 5048
1 9903
1 4838
1 7879
1 3678
2 5564
2 9659
2 6684
1 7985
1 2860
2 1543
2 8126
1 5986
1 8302
2 8353
1 9536
2 2679
1 5871
1 4906
1 8908
2 9212
1 3465
2 893
1 9131
1 4593
1 8480
1 3463
2 5396
2 2731
2 482
1 6060
1 5283
1 5806
2 8238
2 8565
1 8262
2 1124
2 5618
2 1714
2 6375
1 2049
2 1
1 7277
1 8986
1 2635
1 3542
2 1895
2 9857
1 7383
2 3830
2 7077
2 1449
1 4947
2 2274
1 5059
1 3764
2 1419
1 6023
2 6449
2 8713
1 2836
1 7493
2 2213
2 8297
2 6515
1 2302
2 9219
2 5223
1 8210
1 5255
1 3470
1 5160
2 9904
2 8884
2 2141
2 8038
2 4986
2 6777
2 7749
1 7229
1 5088
2 5131
2 4181
2 4203
2 3104
2 8012
2 7464
2 375
1 9503
2 6020
1 4019
1 2720
1 6209
2 1981
2 1647
2 2917
2 912
1 5018
1 7132
2 1999
1 9074
2 4957
2 7014
1 2545
2 2040
2 1167
2 5300
1 3052
1 9772
2 4274
2 4351
2 7652
2 9664
1 5146
2 8773
2 3984
1 2739
2 6576
2 8516
1 7842
2 9811
2 6814
1 4964
2 8663
2 4432
2 873
1 2708
1 3441
2 1476
1 2135
1 4082
2 3494
2 5724
2 7154
2 8682
2 7420
1 6216
2 1577
2 1522
1 4389
2 1855
1 3641
2 7865
1 7291
1 8079
1 7153
2 6892
2 7981
1 5108
1 9661
1 3615
2 8081
2 540
2 9166
2 7773
1 3378
2 5143
2 3576
1 7131
2 5702
1 7379
2 8614
1 3627
1 4697
1 9324
1 6985
1 5636
1 4583
2 1654
2 3690
1 2676
2 8249
2 6840
2 3882
1 9359
2 6084
2 6048
2 387
2 364
2 6696
2 4824
2 8452
1 4691
2 5255
1 2481
1 3164
2 821
2 2837
2 7567
2 1502
1 8161
1 4894
2 9167
1 5359
1 9258
2 6922
2 1527
2 3879
2 9164
2 5520
2 7458
1 9868
2 5957
2 9689
1 4889
1 6403
2 1557
2 4244
1 5053
2 1517
1 3689
2 9671
2 8206
2 2037
1 5615
2 9228
1 8646
2 9056
2 3169
1 7328
1 7581
1 6022
2 750
2 234
2 7094
1 9848
1 8967
1 4735
1 2434
2 5987
1 8551
2 8336
2 123
1 3262
1 4352
1 3082
1 7465
1 3195
2 7212
1 4772
1 7795
1 2401
1 8791
2 1192
2 3888
1 6907
1 5376
2 4748
2 4179
2 2561
1 6868
2 5807
1 7734
2 3731
1 8950
2 5071
1 8230
2 3427
1 2203
1 4139
2 5458
2 7564
2 5945
2 8878
1 6767
1 2069
1 8505
2 7625
1 5386
2 3445
1 4412
1 5339
1 4113
2 3465
1 8123
2 7594
1 6571
2 6726
2 1765
1 3177
1 8037
1 2473
1 3327
2 7415
2 326
2 2187
2 2518
1 4402
1 7098
2 9405
2 744
2 2080
1 5025
1 8177
2 9941
1 7394
1 2169
2 5600
2 5405
2 4978
1 5332
2 1674
1 4557
2 7719
2 5982
2 8693
1 6721
2 1597
2 6278
1 8121
2 7356
2 9866
2 2541
1 5171
1 7522
2 7100
1 6113
2 3955
2 6702
1 9904
1 5028
1 4075
2 4327
2 1828
1 4233
2 9086
1 6271
1 2035
1 6847
1 5348
2 4041
1 6871
1 4956
1 4459
2 8822
1 9652
2 3957
2 5939
1 2204
2 114
1 5595
2 7423
2 7962
2 3668
2 279
2 2107
2 5061
2 9927
1 4256
2 665
2 2060
2 2435
2 3396
1 3981
2 7731
1 8261
2 7320
2 7425
1 6524
2 1058
2 5856
2 3218
1 4977
2 5585
2 883
2 9047
2 8043
1 8751
1 4304
2 3667
1 4377
2 9250
1 5314
2 8824
2 7747
1 2879
2 8274
2 2071
1 9341
2 2137
1 8452
2 8404
2 1240
2 7044
2 7786
1 2518
2 5913
1 2888
2 7766
2 5207
2 4068
2 8760
1 3971
1 9589
1 8154
2 6311
2 6142
2 4269
1 8122
2 4779
1 5556
2 6849
2 5684
2 9430
2 6418
2 5317
2 9679
1 3281
2 6948
2 9765
2 5125
2 2794
2 2415
1 7241
2 373
1 8853
2 3353
1 8980
2 6525
1 9395
2 1065
1 3188
1 3224
1 7887
2 1183
1 4061
2 5406
2 7112
2 2057
2 2095
2 8365
1 7404
2 9805
2 2565
2 6987
2 1681
2 5114
2 84
2 2379
1 8304
2 1657
2 6972
2 7787
2 2258
2 652
2 4253
2 6415
1 2765
2 8106
1 9948
2 4899
2 8781
2 9338
1 3902
1 4331
1 5258
2 4321
2 1685
2 5015
2 4386
1 8536
1 6341
1 6362
2 3533
1 9046
1 5057
2 8328
2 2502
1 4851
2 1622
1 6531
1 8752
1 3113
1 7878
2 4771
2 966
1 9290
1 2073
2 9692
2 2335
1 8649
2 2441
2 8195
2 8122
1 3543
2 3871
2 4565
1 8605
1 5022
1 8144
1 8010
2 2803
2 9479
2 1542
1 5787
2 3021
1 2483
1 8560
1 8884
2 8955
1 3570
2 9204
1 6782
2 2605
2 5163
2 3190
2 3564
2 9113
2 5961
1 3628
1 2905
1 9007
2 1601
2 1188
1 7149
2 7537
1 6221
2 5299
1 4091
2 6095
2 4703
2 7694
1 6915
2 9433
2 4136
2 5685
1 4632
1 6041
1 3457
1 3852
2 1536
1 9887
1 3001
2 6585
2 8794
2 2931
2 4459
2 5351
2 2442
1 4983
2 1180
1 9339
1 9345
2 3676
2 5006
2 7173
1 5815
2 4766
2 8236
2 6633
2 5973
1 3760
1 7390
2 4916
2 213
1 6766
2 7835
2 4988
1 8706
2 301
2 2363
2 9982
2 2115
1 8879
2 2569
2 9648
1 2301
2 9237
1 6885
1 8822
2 8351
2 3988
2 2744
1 9684
1 2345
2 1832
2 2623
2 1453
2 8134
1 9165
2 6117
2 1943
2 5437
2 7299
1 6614
2 3405
2 977
1 9924
2 1483
2 2688
2 4896
1 9857
2 6053
2 6929
1 7213
2 285
1 3178
1 5192
2 9684
2 3599
1 8611
1 9988
1 2954
2 9365
2 6607
2 4413
1 6125
2 987
1 9865
2 5888
1 6078
2 4302
2 9125
2 4819
1 4471
1 9075
2 78
2 4829
1 6158
1 5791
2 5350
2 5711
2 5584
1 6927
1 9583
1 4361
2 1316
1 8301
2 2463
1 6757
1 5741
2 3483
2 4065
2 9118
2 4407
2 1346
2 1546
2 4903
2 6454
2 6587
2 8373
1 2717
1 7662
1 4219
1 2318
2 7182
2 9657
2 2847
1 8321
2 1622
2 9718
2 9625
2 7799
2 2453
2 4922
1 9580
2 6155
2 4487
2 5889
1 4172
1 2356
2 4375
2 8477
1 6296
1 2195
1 6970
2 7416
2 7760
2 4182
1 2555
2 8709
2 4855
1 6045
1 9561
1 2937
2 8652
2 9475
1 4879
2 3382
2 8632
1 7582
1 8859
2 5739
1 7302
2 9319
2 8262
1 8614
2 4777
2 1350
2 8383
2 3092
1 8250
2 8500
1 4534
2 5963
1 8320
2 7303
2 3143
1 4272
2 3213
2 7067
2 1394
2 4571
2 2961
2 7103
1 3569
1 3154
2 9703
2 854
2 2128
2 6895
2 2268
1 5774
2 2627
2 2730
2 46
2 5995
2 5181
1 2871
1 7088
1 7218
2 2130
2 49
1 3367
2 5596
2 2133
1 2286
2 9273
2 6032
2 9063
2 1807
2 4632
2 7081
2 2424
2 5072
2 2203
2 9031
1 4357
1 2521
1 4423
1 7566
2 5147
2 7983
1 9378
2 6530
2 2813
1 7808
1 4163
1 3739
1 3266
2 9323
1 2068
2 908
2 220
2 4520
1 9776
1 7084
1 5260
1 4509
1 9216
1 3471
2 3041
1 3830
1 2479
1 2828
1 8516
2 1890
1 5170
2 9285
1 6010
2 2440
2 3709
1 4784
1 5764
1 3734
2 5045
2 2461
1 4573
2 2531
2 9891
2 2179
1 7906
2 173
2 4173
2 7385
2 1155
1 8132
2 7897
2 8893
2 9459
1 4384
2 9722
1 3688
2 8692
1 6891
1 5256
2 319
1 2626
2 9284
1 3980
1 2999
2 9045
2 8430
1 8848
1 4404
1 2290
1 8813
1 4053
2 7543
1 6832
2 592
2 2705
1 5821
2 5094
1 2120
2 9808
2 5764
1 4032
2 271
2 9412
2 181
2 3423
2 2884
2 9502
2 7223
2 9162
1 8925
1 6895
1 2812
1 9620
1 2573
2 6031
2 1860
2 4781
2 2928
1 8268
1 9062
1 3031
2 7202
2 9577
1 8806
2 522
2 3727
2 6529
1 3950
2 1488
2 8168
2 1425
2 4572
2 2912
2 7536
2 8029
2 3413
2 6158
1 9104
1 8629
2 3714
2 7039
1 4943
1 2763
1 6229
2 7185
1 9615
1 7763
2 6018
2 3189
1 4581
2 9120
2 3089
1 2981
1 8463
1 3373
2 170
2 2985
2 5566
2 3049
1 3419
1 4482
1 8133
2 4498
2 487
1 3946
1 8977
2 5150
2 7470
2 356
2 7448
2 755
1 9223
1 4635
2 7811
1 4661
1 6025
1 7600
2 6495
1 4899
2 4400
1 4767
1 4239
1 4922
1 8239
1 2722
2 8981
2 4063
2 2924
2 798
1 6047
2 2795
1 6242
2 2675
1 6327
2 5201
1 3088
2 3978
1 6596
2 3404
2 3251
1 6167
1 5380
2 1520
2 1099
2 4301
2 6392
2 9244
2 9389
2 6667
1 6655
1 8971
2 5310
2 565
2 5526
1 2831
2 7219
1 6432
2 8366
2 7201
1 6855
2 1809
2 4699
1 2857
2 8624
2 7435
1 4243
1 2825
2 6179
2 4674
1 9009
2 3113
2 8459
2 7422
1 7121
2 4667
1 8956
2 2599
2 3754
2 4371
1 9386
1 9120
2 2764
2 4389
1 9513
1 4097
2 9504
1 2875
2 2820
1 4146
2 8900
2 4844
1 6604
1 3713
1 3732
2 9786
1 6646
2 5327
2 9914
1 6036
2 590
2 7970
1 7449
1 5099
1 4263
2 9384
1 5837
1 9415
2 7771
1 3972
2 1864
2 147
1 5494
1 4729
2 3920
1 9436
2 4197
2 6338
1 7942
1 8220
1 4957
1 2897
2 4756
1 8543
2 8334
1 2768
2 4537
2 8022
2 9404
2 7842
2 9924
1 6255
1 7070
1 2127
2 9238
1 5002
1 7055
2 8434
1 2305
1 7034
2 5802
2 2391
2 8685
1 8317
2 2276
2 1750
2 4737
1 9574
2 5953
2 2188
2 7703
1 7870
2 4482
1 9711
1 2507
2 1921
1 8818
1 9792
2 9788
2 3386
2 7666
1 7759
2 6685
2 4078
2 8791
1 4043
1 8254
2 4062
2 8086
1 4029
2 7097
2 5354
2 3864
2 5443
2 6712
1 4245
2 8622
2 4329
2 7140
2 2286
1 3159
2 7269
2 4657
2 9559
2 1630
1 2746
1 4238
1 2052
1 6423
2 1259
1 7820
1 4940
2 1817
2 7716
1 9936
1 7978
2 9561
1 9538
1 9327
2 5777
1 7242
1 7992
2 8903
1 3994
1 4345
2 6725
2 5512
2 4730
1 7614
1 8019
2 7580
1 9164
1 6763
1 5538
2 6598
2 6581
1 8829
1 5520
2 455
2 1482
2 9818
2 1247
2 2236
2 5576
2 6191
1 3288
2 5401
2 9148
2 5604
2 1084
2 2468
1 8862
1 8375
1 3928
1 8167
1 3227
2 2393
2 6071
2 6429
1 8556
2 7292
1 9961
2 1437
2 841
1 7946
2 2573
2 6121
2 5427
2 9789
2 8853
2 3923
2 594
2 1427
2 579
1 8379
2 6147
1 6385
2 3980
1 8431
2 2516
2 2222
1 6197
2 6907
2 2551
2 9526
2 3476
1 8837
2 3346
2 5394
2 523
2 2634
1 4262
2 8715
1 9267
2 1835
1 3010
2 664
2 4831
1 5712
1 2202
2 8217
2 655
2 5101
2 6008
1 2161
1 2716
2 6052
2 5641
1 3152
1 6686
1 7001
2 7801
2 3217
2 1635
2 9059
1 8340
2 9403
1 5660
2 5627
2 708
1 7756
2 6706
2 9364
1 9609
1 2601
2 619
1 3111
2 651
2 5845
2 175
2 8740
1 6013
2 8327
1 3153
1 7401
1 6805
2 5703
1 2878
2 5715
2 1347
2 5056
1 9678
1 2636
1 3553
2 2014
1 9839
1 5581
1 7781
1 9877
2 363
2 6866
1 9424
1 9637
2 7980
1 6392
1 3828
1 9085
1 9864
2 7924
2 1431
1 7643
2 8563
1 9150
1 8947
2 7279
2 8958
2 6066
2 6331
1 5570
2 146
2 7256
1 8349
2 6950
2 7359
2 130
1 4864
1 4428
2 5392
2 3933
2 6167
2 6832
1 7056
1 4351
1 7305
2 7120
2 9428
2 4970
1 5067
2 7947
2 4519
2 9954
2 7978
2 955
2 8811
2 5347
1 3683
1 6088
2 9792
1 9710
2 5577
2 8048
2 3728
2 1088
2 6033
2 6433
1 6864
2 4913
2 9652
1 8134
2 6536
1 6478
2 3440
1 3504
2 4486
2 9979
1 8119
1 8559
1 2886
2 7439
1 2019
2 1248
2 3995
2 1875
2 3833
2 6961
1 3754
2 7680
1 6732
1 3285
2 2027
2 7915
1 4535
2 4104
2 8245
1 6332
1 5703
2 6741
2 787
1 7802
1 2844
2 19
2 4928
2 990
2 2906
1 5351
1 4732
1 5242
2 1177
2 9020
2 8915
1 2864
2 1337
1 6613
2 7003
1 3490
2 5095
2 6575
2 5467
1 4493
2 7251
1 3231
1 3201
2 3055
2 6264
2 9698
1 5752
2 3446
2 5266
1 3390
2 1521
2 4893
1 2801
2 6319
1 5206
1 2043
2 9396
2 7589
2 1479
1 6647
2 8698
1 4063
2 5869
1 6641
1 7320
2 9318
2 2031
1 9003
1 2964
2 5606
2 2243
2 8869
1 9347
2 6812
1 4794
1 5553
1 5041
2 1804
1 6521
1 8875
2 9839
2 8100
2 2270
1 6419
1 9514
2 5322
2 6323
1 5475
1 9966
2 5611
1 3102
2 207
2 1728
2 8519
1 4426
2 7998
2 3371
2 3012
2 8569
2 1636
1 9850
2 7784
2 5727
2 4220
2 3492
2 6716
1 3513
1 6394
2 9375
2 4878
1 9685
2 6707
1 9657
1 5434
2 352
1 2563
2 5421
2 8517
2 8346
1 4969
2 7069
2 5513
2 1126
2 9065
2 2872
1 5268
1 8225
1 8248
1 6074
2 9540
2 5326
1 3861
2 5629
1 7889
1 9944
1 2705
1 5137
2 4620
1 7828
2 9374
2 2271
2 8618
1 9616
1 2584
2 2497
2 2596
2 5863
1 9451
2 4710
1 2704
2 5185
2 9854
1 8053
1 2918
1 8412
1 4424
1 3729
2 7976
2 2239
1 3956
1 6328
2 6875
2 874
2 4983
2 3088
1 4528
2 929
2 6251
2 8228
1 6212
2 1795
1 8597
1 5190
2 7807
2 8759
1 3926
2 4951
2 276
1 2046
1 4226
1 8787
1 5658
2 8776
1 5578
2 3016
1 8824
1 7381
2 9017
2 5130
2 3965
1 7137
1 4593
1 4003
1 5130
2 2839
2 4344
1 5777
2 8092
2 1848
2 7525
1 7121
1 2470
2 5033
2 4595
2 8584
2 8077
2 8761
1 4944
2 4277
1 2223
2 8279
2 4426
2 1189
1 6658
2 6523
2 2491
1 8468
1 4510
2 6573
1 5630
1 8514
2 1763
2 100
2 6733
1 2491
1 8102
2 7700
1 7989
2 8340
1 6179
2 6898
2 4424
2 2135
1 2988
2 7665
1 3190
2 7706
2 4959
2 119
2 7144
1 6127
2 7243
2 8649
2 3623
1 4128
2 6151
2 6399
1 7869
2 3574
2 2725
1 6120
1 5417
2 6444
2 5286
2 7481
1 2412
1 8008
2 904
1 2311
1 6480
1 4325
2 6803
2 6828
2 8444
1 3774
1 3952
1 9452
1 3921
1 9798
2 858
2 9599
1 7296
2 8825
2 1682
2 1221
1 4285
2 4008
2 4457
2 8982
2 4706
2 2876
2 2337
1 2630
1 2143
2 2786
2 6964
2 6044
2 2400
1 3348
1 2867
2 649
2 8724
1 5276
1 4374
1 4801
2 4377
2 3381
2 1511
2 4747
2 7231
2 621
1 6951
2 5981
1 3109
2 8983
2 5070
2 4116
2 7049
1 2209
2 9317
2 4209
1 3998
1 3948
1 7843
1 8426
2 9775
1 4231
2 7365
2 3565
1 4766
2 3684
1 5481
1 2842
1 8628
2 4131
1 6972
2 3470
2 3589
1 4615
1 6737
1 8991
1 2250
1 4703
1 3930
1 2178
1 4336
2 5756
1 7855
1 7997
1 9263
2 8587
2 7555
1 3522
1 4950
1 3137
2 3814
2 1798
2 5375
1 2956
1 8692
1 4065
2 1525
1 9897
1 8679
2 1591
2 5628
2 4510
1 6993
1 2648
1 8523
2 4119
2 9367
1 2872
1 5066
1 8266
1 9159
2 8859
1 5347
1 8059
1 3243
2 1150
2 5088
2 9730
1 5773
2 2601
2 4206
2 5812
2 9039
2 9453
2 9140
1 6453
2 697
1 7472
2 1866
1 7807
1 4356
2 950
1 5909
2 125
2 1045
1 8873
2 2633
1 4316
1 7485
1 3213
2 7018
1 3762
2 3361
1 4327
2 1211
2 1210
2 5872
1 6635
2 3363
2 4790
2 7758
2 6413
2 8689
2 1330
2 6506
2 1014
2 4996
2 2709
2 3184
2 7724
1 4708
2 5493
2 536
1 3832
1 7373
2 6631
1 4383
1 5958
2 9010
1 9891
1 8504
1 7370
2 9297
2 2998
1 9447
2 9983
2 5214
1 3925
1 3620
2 1019
2 2094
2 5751
1 5749
1 8114
2 1072
2 8177
2 3377
2 1901
1 8181
2 2416
1 5107
2 6642
1 2506
2 4490
2 2962
2 8147
1 7874
2 4194
2 1598
1 5071
2 6106
2 5066
2 7384
1 9511
2 3938
1 3843
2 877
2 3784
1 8691
2 6514
1 9084
1 7601
2 3442
1 2653
1 3802
1 5461
2 6212
2 511
2 897
2 9142
2 3673
1 3755
1 3993
1 4769
1 9787
2 2575
2 514
2 1334
1 2425
2 1382
1 8961
2 6981
1 7827
2 2945
1 3892
2 1759
2 4043
2 6266
2 1748
2 1829
1 6549
2 7514
1 8555
2 7955
2 7991
2 6594
2 2921
1 9055
1 7326
2 5667
1 5075
1 8078
2 9052
1 4999
1 8244
2 9044
2 3910
1 2452
1 2556
2 2745
1 2782
1 2395
2 8937
2 1490
1 2322
2 1824
2 1293
1 3284
2 4325
1 9967
2 6590
1 2304
2 397
2 7697
2 4783
1 7615
1 9672
2 1256
1 4216
2 6080
1 3043
1 2847
1 9697
2 7887
1 6953
2 765
2 3263
2 3448
2 7972
1 9149
2 447
2 4155
2 4313
2 6297
2 6996
1 8952
1 4034
1 9132
2 970
1 6545
2 6177
2 6720
2 1400
1 5117
1 3301
2 9566
2 9018
2 1191
1 3528
2 6837
2 9767
1 3064
2 2918
1 6492
2 448
2 5032
2 2719
1 2283
1 7613
2 9344
1 3573
2 9799
1 9114
2 4895
1 5295
2 3513
1 5091
2 3931
1 9264
2 4551
2 462
1 4795
2 440
1 7473
2 2564
1 8733
2 501
2 339
1 4191
2 8511
1 2064
1 5036
1 4054
1 9660
1 2158
1 3954
2 8133
2 6827
2 1874
2 5385
2 2201
2 4129
2 7115
2 9631
2 7273
1 5302
1 6316
1 6363
1 8711
1 8652
1 3539
1 5007
1 5649
1 2443
2 4186
1 5113
2 9774
1 7984
1 2306
2 3656
2 9231
2 29
1 2683
1 8322
2 1506
1 8488
2 9610
2 558
2 9012
2 1319
2 7119
2 9516
2 466
1 3626
1 9604
2 4939
2 1720
2 4354
1 2282
1 5729
1 6280
1 4910
2 2761
2 8871
2 9074
2 3472
1 2684
1 9698
2 9583
1 4869
1 6515
2 6693
1 2730
1 8206
1 2216
1 6162
2 7750
2 6099
1 3512
1 6712
2 685
1 4648
1 8333
1 4151
2 9920
2 9157
1 6482
2 1217
1 6136
2 728
2 4589
1 7539
1 2010
2 644
2 4909
2 5500
2 5373
2 3387
1 9373
1 9479
1 4886
2 4314
2 7395
2 9744
1 8361
2 2202
1 4787
1 3874
1 6235
1 9070
2 6546
2 4943
1 9541
1 5147
1 5419
2 2864
1 4601
1 3410
2 7765
2 6306
1 9723
2 1592
2 581
2 9900
1 2669
2 8054
2 8308
1 7478
1 2038
2 5180
2 6977
1 9253
1 7571
2 4681
2 4276
1 6925
1 8666
2 9411
2 8104
1 3668
1 8936
1 2501
2 22
1 3546
2 2824
1 4141
1 6053
1 3835
1 2277
1 4240
1 4789
2 3697
1 2312
1 5807
1 8997
2 4333
2 6601
1 9960
1 7440
2 427
1 2475
1 6688
2 8001
1 9240
1 8694
2 773
2 8010
2 5334
2 794
2 4945
1 4175
1 8684
2 2305
2 2548
2 5238
2 1439
2 8051
1 7147
2 1304
1 6851
2 1440
2 7629
2 3791
2 6778
1 7061
2 4096
1 5897
2 6890
2 90
1 5853
2 2176
2 5926
1 3547
1 4290
1 5845
1 6650
1 5115
2 1771
1 3549
2 3221
2 3778
1 3514
1 8796
1 4897
2 3542
2 9595
2 2769
2 1257
2 566
2 1835
1 5106
1 2213
2 1559
2 8566
2 5533
1 3065
1 3914
1 5679
2 4967
1 3030
2 8636
1 2086
2 671
1 5603
2 7572
1 8401
1 9429
2 7986
1 5134
1 6997
2 3716
1 6923
2 9530
2 7109
2 344
2 633
2 2647
2 7330
1 8544
2 9182
1 6525
2 2666
2 8506
1 7479
1 8768
1 3346
2 8999
2 8102
1 4873
2 5940
2 763
1 2833
1 8520
2 6379
1 3022
1 7990
1 3551
1 2758
2 6290
2 5314
1 6869
1 4484
1 4270
2 3178
2 5712
2 5867
2 3023
1 9732
2 2874
2 6565
2 2140
1 9125
2 9518
2 5386
1 2715
2 7086
1 5695
1 6701
1 7279
1 6844
1 6435
2 6682
1 8610
2 1758
1 9856
1 3401
2 1768
1 3177
2 9822
2 8140
2 7473
2 1723
2 7515
1 9578
2 7135
1 7045
1 3430
2 2727
1 2110
1 6281
2 3849
1 3904
1 9743
1 4264
2 2822
2 1544
2 3352
1 8500
1 7368
2 435
2 2656
1 2554
1 3027
1 4660
1 8957
1 9740
1 2885
2 5019
1 8798
1 3474
2 791
1 2560
1 9116
1 3277
2 4808
1 7952
2 2355
2 7255
1 5195
1 2643
1 8763
2 4506
1 2524
2 4196
2 9170
1 2211
2 5118
1 5006
1 4780
1 7011
2 3308
1 2549
2 5505
2 2469
1 4542
1 7837
2 979
2 9593
1 2310
2 2308
2 1008
1 7211
1 2749
2 9949
1 4472
2 9622
2 6533
1 9623
2 4093
2 1826
2 2216
2 3028
2 7262
1 9603
1 9908
2 4002
2 2663
1 5920
1 9143
1 7679
1 2292
1 7352
1 9890
2 1450
2 2097
2 2875
1 3510
2 7851
1 6422
2 4193
1 8022
2 273
1 2039
1 8773
1 2406
1 3563
1 7527
1 7675
2 7817
1 2125
1 2899
2 1998
1 2706
2 4381
2 2259
2 2495
2 8136
1 8554
2 4171
2 2762
1 2207
2 1672
1 8058
2 857
1 5882
1 9605
2 4727
1 5167
1 3873
1 9782
1 8305
1 4122
1 8745
2 5830
1 4451
2 509
1 4397
1 9020
1 5155
1 7944
1 8466
1 5029
2 4901
1 4192
2 3653
2 7338
2 6909
1 3340
1 4385
1 4134
1 2339
2 5246
2 2313
2 4042
2 8425
1 7475
2 9098
1 3502
1 2644
2 4158
1 2614
2 6440
2 8288
2 7360
1 5714
2 3020
2 8612
2 112
2 4626
2 1241
2 1285
2 7552
2 281
1 8807
2 7355
1 5665
1 3456
2 9302
2 4546
1 6665
2 8332
1 9969
1 4486
2 4839
1 8205
2 7742
1 9803
1 3225
2 1530
1 4702
1 5211
1 9155
2 9041
1 7297
2 3759
2 7414
2 3306
2 4848
1 7266
2 3619
1 3905
2 2879
2 718
1 9382
2 7562
1 3782
1 8682
1 5331
2 1732
2 6199
2 8098
1 5867
2 1061
1 4966
2 7954
2 6671
1 9458
2 5024
2 8275
1 9379
1 6434
2 1541
2 935
2 6422
1 5460
2 2951
2 4294
1 3787
1 5151
1 3853
1 3736
1 6507
2 1967
1 3686
2 6478
1 3151
2 457
2 9804
2 5590
2 4757
1 7395
2 573
2 21
2 4729
2 5329
1 3961
2 1012
1 4532
2 753
1 7546
1 9524
1 8826
2 6474
2 2689
2 6325
1 2709
2 1632
2 2642
1 5261
2 7553
2 3881
1 5812
2 7942
2 8645
1 6474
2 2333
2 8227
2 9311
1 5194
1 3012
2 5417
2 6057
1 3011
2 3211
2 8534
1 9582
1 5512
1 7543
1 4072
2 1575
2 7571
2 1959
1 3393
2 4475
2 2547
2 1198
2 1532
1 4042
1 3067
2 7499
1 6188
1 6081
1 8097
1 9955
1 2965
2 2753
1 9705
2 2366
1 7648
2 1083
1 6303
2 6669
2 2312
2 4440
1 9348
2 6980
1 2042
1 9419
2 6809
2 2235
2 2982
2 9111
1 5557
2 9451
2 3782
1 5575
1 7755
2 53
2 8073
1 9317
1 6533
1 8627
1 8135
2 1057
2 8129
2 6211
2 9434
1 6334
2 8201
2 5708
2 2296
2 2806
2 4540
2 5027
2 3343
2 6419
1 3612
1 4309
1 6733
1 5467
1 3449
2 3176
1 7803
2 2929
1 6343
2 4946
1 2411
2 1989
1 8723
1 6704
2 9613
2 3434
1 7263
1 8713
2 4087
1 3811
2 9587
2 6148
2 4556
1 8963
1 5726
1 3679
2 6794
2 8237
2 722
1 8513
1 6056
1 2324
1 5027
1 3084
2 7095
1 6338
2 735
2 2166
1 2870
1 5813
2 8175
1 8572
2 9889
1 2727
1 3785
2 9007
1 6273
1 9766
1 4277
2 3085
2 7892
1 9594
1 9196
1 2577
2 9628
2 3013
1 5963
2 2991
2 9251
2 7869
2 3699
2 1869
1 2386
2 4968
2 7738
2 2908
2 1175
2 8445
2 4010
1 4020
1 5145
2 9290
2 4709
2 1020
2 1227
2 5267
2 9790
2 6012
2 8231
2 8895
1 7776
2 3482
2 8916
2 4255
1 7023
2 3616
1 8819
1 7298
2 7507
2 6722
1 8377
2 9108
1 6529
2 5268
1 2134
2 7613
2 2501
1 3135
2 602
1 7447
2 9940
1 5839
2 6714
2 7961
2 4618
1 9067
2 1047
1 5464
2 288
1 6749
1 7790
2 4656
2 5933
2 8141
1 9713
2 83
2 6284
1 8484
2 8974
2 9907
2 1688
2 1638
2 4525
1 3838
2 6567
2 8935
1 9518
2 8550
1 5903
1 9123
1 7824
1 3922
2 504
2 866
1 6378
2 8714
2 8914
2 2447
2 6751
1 7143
2 8617
2 1166
1 2911
1 4920
2 8284
1 5502
1 7818
2 642
1 4782
2 4648
1 4332
2 993
1 7318
1 2649
1 2508
2 8592
2 6364
1 3911
1 4465
2 4164
1 5850
1 5065
2 9557
1 5031
1 8194
2 9529
2 5430
1 2564
2 1833
2 7997
1 8173
1 2975
1 9834
2 3504
2 6488
2 9466
1 6029
2 1127
2 7544
1 7934
1 7041
1 9163
1 4284
2 7312
1 3589
1 5900
2 6901
2 1686
2 340
2 1859
2 6627
2 8743
2 2328
1 8267
2 891
2 8741
2 171
2 578
2 7832
1 6676
1 2350
1 3909
2 7048
1 4640
2 2403
2 9633
1 2707
2 3824
2 6330
1 2572
1 8357
2 6457
1 5973
2 3032
2 4542
1 2215
2 9156
2 8553
2 8754
2 2483
2 5169
1 3198
1 6517
2 9521
1 2933
1 5534
2 3392
2 5770
1 8929
2 167
1 6218
2 9562
2 6333
2 7249
1 4606
1 4806
1 9882
2 2613
2 5884
2 6738
2 5483
1 7062
1 7660
2 5175
2 4619
1 4865
2 6729
1 4819
2 1568
2 1023
2 3181
2 5602
1 7560
1 5689
2 7588
2 1321
2 7574
1 4716
1 7091
2 444
1 7490
2 1239
1 6226
2 5587
2 3193
2 5996
1 9719
2 5221
2 5236
1 7162
1 6692
2 2266
1 5330
1 2632
1 9735
1 4979
2 99
1 7122
2 9971
1 2319
2 5594
2 9723
1 5992
2 2277
2 8626
1 2663
2 1092
2 3233
1 7603
2 5055
2 3685
1 6822
1 3687
1 8579
1 9779
2 1563
2 4811
1 9500
1 3767
1 5150
1 5710
1 6182
2 9269
1 7150
2 4856
2 8411
1 2394
1 6776
2 2538
1 7278
2 1039
1 9793
1 5330
2 230
2 8044
2 3810
2 2134
1 6886
2 8625
2 7704
2 212
2 5378
2 1961
2 6368
1 3939
1 4763
2 7521
2 3227
2 2111
1 3138
1 8664
1 2489
2 9432
2 6810
2 3701
2 9362
2 3260
2 4804
1 9797
1 8518
2 5478
2 1245
1 3918
2 3065
2 1243
1 6715
1 8201
1 4712
2 3678
2 7651
2 8621
1 5278
1 3204
2 2189
1 3614
2 905
1 9105
2 2648
1 9926
2 5261
2 7058
1 8754
1 5421
2 6583
2 6932
2 1393
2 3531
2 1441
2 6779
1 4818
2 321
2 1933
1 4685
1 4888
2 3935
1 9546
1 8927
2 4958
1 7259
1 3328
2 2859
2 3241
2 5671
2 6507
2 8089
2 571
1 8108
2 6377
1 6761
2 6650
1 8249
2 8207
2 5754
2 5950
1 8303
1 8719
1 4230
1 4978
1 4868
2 7151
2 1755
1 9346
1 2391
2 4867
2 238
2 3682
2 5170
2 3847
2 631
1 2493
1 6673
2 2684
1 5124
1 5017
2 2487
2 6769
1 9956
2 4581
1 8105
2 1202
2 6946
2 5931
2 303
2 2671
1 5775
2 4033
2 9855
2 2739
2 8978
2 2893
1 5404
1 8874
1 5742
1 2075
2 1537
2 6076
2 469
2 1470
2 360
2 292
2 852
2 4133
2 6990
1 7312
2 2063
2 1945
1 4052
2 1182
2 3674
2 9539
2 919
2 317
2 1366
2 1017
2 5260
2 9461
1 9830
2 8504
2 6291
2 4340
1 6862
1 7975
2 6337
1 4481
1 4700
1 5191
2 2808
1 6938
2 6661
2 9541
2 7681
2 7534
2 3670
2 216
2 8778
2 9179
1 4393
1 7192
2 3621
2 2255
2 7362
2 3654
1 5771
1 2097
2 8093
2 2371
2 3060
1 6926
2 3397
1 7576
2 4826
2 1755
2 3398
2 586
1 5342
2 6081
1 5236
1 4393
1 4900
1 9332
1 4707
2 3339
2 1098
2 8072
2 1326
1 4324
1 2807
1 5862
2 4717
1 4985
2 6775
1 8557
2 4091
2 2871
2 2978
2 6860
2 467
1 9490
2 2863
2 5782
2 2932
1 5111
2 3584
1 3189
1 6132
2 9806
1 9087
2 6800
2 1361
1 9212
2 9000
2 2615
2 5206
2 8711
2 5828
2 5307
2 2193
2 5753
2 7893
2 5418
2 6180
2 5486
2 2570
1 5974
2 4243
1 2067
2 5187
2 7068
1 5548
1 6652
1 4761
2 8248
2 4356
2 3652
2 42
2 3365
2 1158
1 8382
2 4230
2 2199
2 604
2 5523
2 4066
2 6462
2 7053
2 120
2 5620
1 7912
1 4348
1 2476
1 8444
1 8282
2 6366
1 2714
1 9184
1 5622
1 8120
1 9892
2 4920
2 6173
1 5514
2 6579
2 1614
1 7232
2 6535
2 4807
2 2909
2 928
2 5156
2 128
2 4994
2 4960
2 3061
2 2852
2 8156
2 3987
2 1691
1 4475
1 3306
2 2065
2 9501
2 8834
1 5846
2 8316
2 5553
1 5402
2 3375
1 8624
2 9490
2 7679
1 6748
1 2859
2 2644
1 7694
2 9870
1 7359
1 5257
1 3630
2 7101
2 5569
2 7956
2 7408
1 2723
2 9036
1 4690
1 4578
2 6941
2 9626
1 8241
1 9597
1 6196
1 2640
1 7442
1 2429
1 2998
1 9175
2 3154
1 8462
1 4570
2 2035
2 6431
2 5333
2 8110
2 9402
1 9786
2 6988
2 176
2 3258
2 1055
2 668
1 4705
2 122
1 6464
1 3484
2 2382
1 5635
1 8147
1 8834
1 9413
2 1992
2 7060
1 9404
1 8076
1 5369
2 7908
1 6093
2 587
2 8142
1 3876
1 7412
1 8667
2 3937
1 6268
1 2031
2 6391
1 3951
2 3781
2 6362
2 1309
2 5499
2 2322
2 64
1 7937
1 4894
1 5978
1 5287
2 9662
1 5972
2 2059
1 4820
2 3011
1 3638
2 2437
1 4968
2 3885
2 8683
2 8549
2 3106
2 268
1 7074
2 5092
1 8319
2 669
2 1033
2 2425
2 6064
1 9789
2 9850
2 8642
1 2447
2 3243
2 8331
2 6871
1 2912
1 7762
1 5692
2 8991
2 4160
2 1797
2 8431
2 683
1 6225
2 4691
2 4696
1 3597
1 7819
2 9224
2 4975
1 4380
1 4591
2 4228
1 4701
2 4218
2 4364
1 6816
1 6867
1 8689
2 8389
1 3193
1 4178
1 5371
1 2238
1 4133
1 3442
1 9495
2 2374
1 9484
1 6251
2 231
1 9775
1 8429
2 2827
2 150
2 7122
1 6383
1 4342
1 4358
2 309
2 9329
2 9315
2 8270
2 994
1 5925
2 2905
1 7284
2 9913
2 6323
1 4779
2 903
2 9939
2 788
1 6283
1 9431
2 7812
2 3637
1 3376
1 3019
2 2017
2 7723
2 8494
2 3580
2 9038
2 7096
1 7606
2 7695
2 9361
1 9337
2 8368
2 7551
1 9810
1 2308
1 6603
1 9784
1 7976
1 3828
1 9168
1 4215
2 9832
1 6181
1 8871
2 351
2 1683
2 1942
1 2863
2 7161
2 8341
1 5015
2 2542
1 7264
1 2463
1 4329
2 3549
2 3789
1 5445
1 7798
1 5711
2 4462
1 3538
1 7550
1 6361
2 998
2 6234
2 7918
1 5628
2 8787
2 3608
2 7494
1 4077
2 8457
1 3577
1 4256
1 2254
2 5484
2 433
1 6918
1 6128
2 9995
2 895
1 5148
1 3663
1 2488
1 7129
1 8938
1 7231
2 8843
1 8974
2 3171
2 1086
2 44
2 1827
2 3657
2 1178
2 3507
1 9544
1 8501
2 4692
2 7628
1 7936
1 9352
2 7331
1 4813
2 6178
1 2098
2 8666
1 6642
1 6830
2 3603
1 2263
1 8881
1 2653
2 9189
1 6019
1 7892
1 8334
1 8278
1 3272
1 4213
2 7025
2 2637
2 6555
2 1318
2 4390
1 6264
2 9997
1 6061
2 4286
2 9543
2 2639
2 4932
1 6331
1 5899
1 9771
1 7549
1 7670
2 3304
2 2775
2 951
1 4165
2 2631
2 6202
2 1462
1 6028
1 6929
1 7638
1 5783
2 9958
2 3985
2 9280
1 8701
2 3073
1 4566
2 1891
1 4842
2 1376
1 5308
1 8589
2 6174
2 8862
1 9369
2 7618
1 8668
2 1794
1 3731
2 6999
2 6699
1 7547
2 6038
1 5633
2 2080
1 5558
1 4180
2 6771
1 7565
2 2868
2 3600
2 4248
1 7366
2 2234
2 6856
2 907
2 3641
1 3441
1 7850
1 5641
2 4039
1 7093
2 105
1 8034
1 5367
2 4564
2 8866
2 1996
1 7219
2 8276
1 2424
2 3257
1 2399
1 6887
2 2306
2 1478
2 9497
2 1134
1 5725
1 4909
1 10000
2 3866
2 8082
2 6223
1 8868
1 3877
2 5365
2 2646
1 2855
1 3155
1 5759
1 2461
1 9591
1 5780
1 3999
2 761
2 4837
1 6372
2 1054
2 3822
1 3706
2 2244
1 7351
1 9482
1 5761
1 3681
2 6134
1 7935
1 8498
2 6824
2 7166
2 7157
2 4795
1 4870
2 3809
2 2635
1 6450
1 8088
1 6312
2 8045
2 6204
2 2318
2 1715
2 6850
2 7380
1 4613
1 2438
1 9687
1 7517
2 8678
1 4056
2 1043
2 4993
2 1793
2 4120
2 8485
2 4802
1 3426
2 5016
2 9494
2 8233
2 8523
2 4998
1 2701
2 6247
2 9186
1 3580
1 6806
2 8190
1 6407
1 4564
1 9893
1 5811
2 9084
2 9803
1 5254
2 6227
2 5593
1 6843
2 6215
2 8905
1 7437
2 2237
2 9397
1 6373
2 8620
2 1077
2 6882
1 5125
2 5511
2 3155
1 7272
1 4041
2 1079
2 1009
2 8194
2 5429
1 5060
1 6398
2 4204
1 3578
1 5440
2 7220
1 3864
2 4504
2 4649
2 5568
1 9305
2 4292
2 3497
1 8933
2 1050
1 7039
2 9287
1 7456
1 4984
1 4129
1 3229
1 5104
2 3976
2 9267
2 8304
2 94
2 8179
2 575
1 6134
1 2197
1 2198
2 2204
2 1032
2 6556
1 7225
1 8082
2 5691
2 7281
2 269
2 900
1 3588
1 7268
1 9364
2 3593
2 3964
1 8697
1 9214
1 7673
1 4318
2 2144
1 8909
1 2403
2 2543
2 3163
2 963
1 5399
2 5199
1 9731
1 4149
1 9898
2 856
1 4292
2 6351
2 2091
2 9605
2 7563
2 3602
1 8944
2 9873
1 8348
1 3813
1 5562
2 7143
2 3038
1 7054
1 2159
2 8596
2 8646
1 8236
2 2588
2 3755
2 2101
1 5425
1 5645
2 7920
2 646
2 9680
1 9688
2 1163
2 426
1 7452
2 7369
2 9425
1 9617
1 6269
1 2153
1 8671
2 8330
1 4945
2 4832
2 5449
1 6683
2 6994
1 5163
2 5619
2 9882
1 5372
1 5089
1 5412
2 1463
2 6350
2 2069
2 2362
1 3885
2 5470
2 2956
2 5315
1 3073
2 3309
1 5394
1 2262
2 1883
2 4726
1 2615
2 7936
1 9543
2 7315
1 2150
1 8794
1 4275
1 4306
1 2738
1 9726
2 104
2 580
2 4383
1 6667
1 6402
2 2667
2 2073
1 7518
1 6783
1 9814
2 1680
1 7180
1 8602
2 978
1 9109
2 3672
1 8995
1 4715
1 8113
1 7973
1 7526
2 2602
2 5078
2 6705
1 7943
2 69
1 9280
2 227
2 392
1 2352
2 2936
2 2033
1 4321
2 5216
2 4009
2 4219
1 9767
2 2260
1 4786
2 5465
1 3184
1 4827
1 2340
2 5813
1 7418
2 9296
2 6603
2 4099
2 9762
1 3496
2 8527
2 5173
2 1849
2 842
2 2165
1 6350
2 136
1 6344
2 483
1 6266
2 6989
2 1445
2 612
2 2737
2 6588
2 4130
1 6360
1 9831
1 5626
2 1877
2 5732
2 7486
2 4815
2 2616
2 8552
1 5789
2 6637
2 8345
2 3947
1 7240
1 4246
1 2656
2 8870
2 7944
2 7344
1 6759
1 3499
1 4739
2 5377
1 8731
2 1381
1 5050
2 4754
1 2175
2 7573
2 1324
2 4955
2 4468
2 9902
2 6863
2 4488
1 6009
2 768
2 3236
2 7541
1 3163
2 8508
1 3783
1 3620
2 5363
2 3420
2 2347
2 758
1 7038
2 1339
1 8051
2 5323
2 4125
2 8154
2 9548
1 7830
1 9931
1 9728
2 4639
2 5895
1 3056
2 8748
1 9832
2 9253
2 1941
2 4200
2 5652
2 754
2 5046
2 333
1 2092
2 429
1 2251
2 3582
2 8388
2 5740
1 7918
2 8855
2 3894
2 395
2 2010
2 1146
2 414
2 4693
1 2939
2 7169
1 6050
1 2813
2 57
1 2743
1 8639
2 5080
2 8387
2 8827
2 7041
1 9376
2 1949
1 6508
1 2236
1 3462
1 5030
2 3506
1 5222
1 7384
2 5278
2 778
2 9341
2 7816
2 5176
1 7494
1 6678
2 7451
1 4092
2 6469
2 353
2 777
1 5183
2 7327
2 582
2 2563
2 1411
2 682
2 9868
1 7451
2 7195
1 9303
1 9405
2 3962
1 4877
1 3210
2 4593
2 9427
1 4274
2 3202
1 7804
2 1662
2 4326
1 9736
2 6317
1 3021
2 6201
2 5838
2 7296
1 4376
2 8114
2 5903
2 9536
1 7718
2 2221
2 7438
2 7913
2 9708
1 2617
2 1767
1 3246
2 8505
1 3747
2 4320
2 2325
2 6124
2 6438
1 5336
1 7389
2 9343
2 2080
1 3934
1 2668
2 8069
1 5491
2 6698
1 2235
1 5027
1 3888
2 9422
1 7590
1 9989
1 5823
1 2486
1 5259
1 5105
2 6196
2 5588
1 5788
2 492
2 3274
1 9477
2 1368
2 3819
1 8955
1 7346
2 1214
1 7254
2 3493
1 5723
2 5153
2 6595
1 5816
2 2186
1 6957
2 8924
1 6597
2 8273
2 9552
1 7898
2 3845
2 1940
2 886
1 6146
2 8019
1 2201
2 7964
1 9987
2 4153
2 314
1 7707
2 7104
1 5593
2 4414
2 2225
1 9356
1 7214
2 3087
1 5566
1 2032
1 2093
2 8537
2 2125
1 9692
1 7019
1 6837
2 6807
1 7059
2 6470
1 8525
1 5149
2 3577
1 3776
2 151
1 3910
2 5290
1 5739
1 5868
2 5435
2 7657
2 771
2 9483
2 3557
1 6609
2 6412
1 4214
1 3353
1 2259
2 7238
2 8372
2 3522
2 3100
1 8893
2 4438
2 6259
2 1587
1 8406
2 4584
2 3048
2 5904
1 6618
1 9861
1 2566
1 8460
2 5488
1 9939
2 3720
2 7208
2 486
2 8335
1 6936
2 8096
2 1931
2 4973
1 6986
1 6096
2 837
1 9239
1 8640
2 5230
2 2628
2 552
2 1792
2 5265
2 1125
1 9920
2 6894
1 6144
1 4079
1 7876
2 3643
2 4213
2 5582
2 2120
2 6271
1 9523
1 9965
2 5335
1 4477
1 5509
2 1197
2 1648
2 5087
2 8726
2 4816
1 5597
2 7615
2 8350
1 4489
1 8522
2 9276
1 9008
1 7006
1 4502
1 8593
2 245
2 1528
2 1029
1 4389
1 3936
1 2568
2 7031
2 8510
1 2275
2 3800
2 4621
1 3411
1 2113
2 1514
2 7802
1 3865
2 563
2 3296
2 5992
2 7977
2 5835
2 4127
1 2393
2 4441
1 7797
2 3037
2 3310
1 9103
1 7025
1 7970
2 9511
2 1397
2 6279
2 2800
1 6416
2 14
2 8326
2 8757
1 7957
1 3104
2 1570
2 3805
1 2674
2 4653
1 3763
2 9248
1 4762
1 2172
2 8772
2 597
2 1583
1 5102
1 4465
2 8676
2 2478
2 3687
1 8451
2 9176
1 4310
1 9229
2 8269
2 9087
2 3094
1 9354
2 5155
1 9876
2 5729
2 3527
2 2046
2 2473
1 4885
2 4784
2 4560
1 7516
2 4427
2 7188
1 8535
2 6479
2 3611
2 5741
1 9638
2 4358
2 4169
2 226
2 1131
1 6499
1 8651
2 9093
1 4407
1 8784
2 7550
2 3084
2 1556
1 9979
2 5404
1 8027
1 9762
1 4614
1 7744
2 7475
2 8419
2 2778
2 6878
2 8210
1 5891
1 4687
1 5087
2 9766
2 6122
1 3160
2 1046
2 2404
2 6784
1 6547
2 7668
1 4088
2 164
2 4833
2 45
1 5997
1 8039
1 7009
2 9513
1 2634
2 9183
2 5108
1 5274
2 5485
1 3245
2 4536
1 6834
2 2058
1 9416
1 7982
2 7172
2 6314
1 4552
1 9063
1 8475
2 2752
2 7852
2 1962
1 9032
2 7752
1 2855
1 6176
2 4962
2 6870
1 5012
2 4236
2 8943
1 9983
1 7466
1 4571
2 5529
2 8125
1 5252
2 5797
2 400
1 4303
1 9468
2 869
2 4950
1 3935
2 8835
2 7729
2 3019
2 9903
2 2582
1 9247
2 3007
2 1428
2 8995
1 6922
1 6304
2 7712
1 2986
2 6831
1 7486
2 5558
2 3700
2 3453
2 4208
2 9508
2 4782
2 4198
2 1764
2 8790
1 3070
1 9370
2 3547
2 7901
2 7123
1 6839
1 7894
1 5037
1 8117
1 5349
1 8299
1 4855
2 2732
1 5379
2 2947
1 3507
1 6236
1 2029
2 4768
1 7051
2 5309
1 5452
1 9428
2 8264
1 6854
1 5084
2 9181
1 6387
1 2947
2 8687
2 5654
2 2240
2 3901
2 5353
2 4261
1 5186
2 7994
1 7220
1 6108
2 3743
2 1854
1 5886
1 9655
1 7146
2 7497
1 7646
1 9499
2 3077
2 5882
2 6683
1 9644
2 1903
1 4584
1 8623
1 9668
2 3922
1 8985
1 6098
2 9656
2 9938
1 8880
2 1492
2 8964
2 3981
2 3775
2 461
2 5678
2 361
2 2500
1 5272
1 3060
1 9542
2 7545
1 5953
2 6755
2 8874
2 7446
2 2109
2 6332
1 5579
1 3665
1 2946
2 86
2 3157
2 1896
2 389
2 6301
1 4236
2 1185
2 1702
1 4882
1 3166
1 2360
2 5065
2 9506
1 9307
2 4623
1 5574
1 5887
2 324
1 9675
1 3044
2 5402
1 8255
2 7276
2 3878
1 3932
2 4665
1 2257
2 290
2 5361
2 3681
2 9071
1 4329
1 9628
1 9906
2 1141
2 7796
2 2855
1 2266
2 6600
1 7253
2 9069
1 7123
1 9170
1 6580
1 5968
1 9599
2 3138
1 9460
2 3585
2 8230
2 2025
2 8204
1 9725
2 756
2 275
2 6673
2 1369
1 5405
1 5765
2 6355
2 8868
1 8190
2 8847
1 2785
1 2016
1 2044
2 4652
1 5681
2 1053
2 5696
2 7788
1 7737
2 6668
2 5650
1 6002
1 2858
2 508
2 5949
2 2275
2 3686
1 7801
1 5078
2 37
2 7405
1 7521
2 1145
1 7945
1 5326
2 5831
1 6607
1 5743
1 9846
1 9707
2 7508
2 4027
1 7854
2 6888
1 8801
1 4513
1 9724
1 7721
1 4755
1 2777
2 1153
2 5642
1 5193
2 471
1 5604
1 8168
1 9925
1 7376
1 6488
2 8150
2 9195
2 6100
2 9130
2 3410
2 8831
2 7229
1 2818
2 5139
1 4420
2 9856
2 425
1 4132
1 5409
2 2039
2 8208
2 4081
2 2614
1 7367
1 4193
2 8712
2 740
1 9012
1 8081
1 3541
2 2550
1 7003
2 5212
1 6768
1 4783
1 7276
2 7437
1 8297
2 6458
2 8889
1 4281
2 4256
2 7038
2 2706
2 9581
1 7979
2 7184
2 7245
1 5373
2 6833
1 7467
1 6956
2 8967
1 8928
2 6119
2 1451
1 4576
1 5079
1 2883
2 328
1 8434
2 7511
2 1650
2 3511
2 7065
2 329
2 1370
2 9586
2 6872
2 4874
1 8208
2 6176
2 1161
2 6903
2 5002
1 2982
1 6046
2 2361
1 4771
2 8806
2 6510
1 5940
2 5706
2 8416
2 6580
1 8335
2 7286
1 2790
2 9197
2 9352
2 8458
2 7452
2 4645
2 1327
1 3824
2 4861
1 4714
2 7512
2 797
1 6101
2 4684
1 8897
1 2678
2 5146
1 9027
2 4249
2 3503
1 4981
2 9522
2 6688
2 8813
2 7932
2 4476
2 3486
2 3777
2 5444
1 5470
1 5819
2 6464
2 5450
1 9693
1 4071
2 4380
2 4953
1 8368
2 9234
2 7669
2 1953
1 9040
2 5789
2 2722
1 2600
1 4305
1 9366
2 5550
2 7155
2 681
1 4085
1 4101
1 3308
1 2537
1 8285
2 9534
2 2056
2 3535
1 9250
1 6090
1 8280
1 4040
1 7598
2 9316
2 6381
2 407
1 6173
1 8106
1 4150
2 6630
1 8221
2 3350
2 503
1 8843
2 3082
2 3677
1 5838
2 4189
1 6388
2 4926
2 6915
2 1395
2 1838
2 3990
1 7966
2 3047
2 3618
1 6969
1 3125
2 5559
1 6701
2 7387
2 8838
2 1776
1 4686
2 4587
1 4734
2 5269
1 3772
2 2143
2 5983
1 5408
2 8070
1 6404
2 5298
2 3242
2 5222
1 6890
2 6220
1 4774
1 8398
1 7711
2 1671
1 3506
2 4977
1 8765
1 5389
1 5450
1 2224
2 4296
1 2659
1 5936
1 3216
1 4585
1 7163
1 5144
1 9998
1 5707
1 2755
1 3845
1 3276
1 7654
1 9330
2 1181
1 9768
2 5023
1 6440
1 4177
2 7079
2 3223
1 4672
2 118
2 4561
1 5543
2 3301
2 5332
1 6156
2 7308
2 2892
1 4682
1 8965
2 464
1 7535
2 8777
1 4539
2 9607
1 6702
2 845
2 1554
1 2606
1 3572
1 6382
1 3698
2 7137
2 3336
2 595
2 8763
1 5792
2 2000
1 3894
2 4483
1 8373
1 7344
1 5266
1 9187
2 1169
1 9113
1 6582
2 1392
1 6117
1 9221
2 197
2 9154
2 1561
1 9241
1 9874
1 6775
2 8707
2 1485
2 6250
2 3014
1 4322
2 4912
1 4783
2 335
2 1272
2 2890
2 691
1 3075
1 4777
2 2227
2 446
1 2721
2 9601
2 3164
2 6096
1 8159
2 7153
1 7635
2 9704
1 7469
1 9576
2 4121
2 7463
2 4858
1 2731
1 4126
1 6745
1 6552
1 6297
1 8645
1 8113
2 5609
2 5661
1 9759
1 5515
1 9276
1 5237
2 2617
1 3120
1 4374
1 3966
1 8169
2 5580
2 3416
2 1140
2 5122
1 3240
1 7371
1 9709
2 632
2 5851
1 7010
1 3386
1 6518
2 3783
2 3852
1 9082
2 863
1 2400
2 4005
1 6433
1 5182
2 7213
1 2809
1 3090
2 2436
1 2732
1 9391
1 3603
2 687
1 3049
2 8241
2 971
1 8192
2 6834
2 7070
1 3560
2 8966
2 5303
2 3457
1 9549
2 7218
1 8872
2 8979
2 7917
1 2107
1 7570
1 3976
2 5501
1 5944
2 1102
2 6023
2 9769
2 4187
2 9336
1 6912
1 4604
2 9960
2 59
2 7531
2 6460
2 4930
1 8281
1 5602
2 3851
1 4808
2 953
2 6266
2 3419
1 6175
1 7682
1 5999
1 2995
2 2117
2 5923
2 8604
2 274
2 67
1 7749
2 8608
1 4074
1 4276
2 4349
1 4989
2 7072
1 6530
2 7334
2 2694
1 9489
1 5989
