2 9993
1 1034
1 1613
2 8870
1 7985
1 7084
2 8804
1 6338
1 1104
1 1065
1 9585
3 9340
1 8706
1 58
2 9993
1 1034
1 1613
2 8870
1 7985
1 7084
2 8804
1 6338
1 1104
1 1065
1 9585
3 9340
1 8706
1 58
1 6086
1 973
1 390
1 7982
1 4268
1 4434
2 8221
1 8429
3 7637
2 9135
1 6403
3 7188
3 7452
1 6264
3 7399
3 7303
1 8844
1 644
2 9925
1 5650
3 7497
1 9921
4 9781
3 9136
1 4871
1 8915
1 1454
1 6001
1 8312
1 8259
1 6226
1 8985
1 9130
1 9363
3 9116
3 8874
1 1127
1 7140
1 5509
1 9914
2 8606
3 9664
2 9181
3 7493
2 9543
2 8299
1 1549
1 7098
1 6376
1 5631
3 9701
1 960
2 8303
3 9502
3 7352
2 9940
3 9625
4 9763
1 8405
1 8847
1 1591
2 9648
3 7195
3 8704
1 7287
1 4293
3 9346
1 6073
1 5647
3 7692
1 9338
1 5196
1 7482
1 7772
1 557
3 9876
2 9882
1 131
1 7935
3 9750
3 9204
3 8107
2 8990
3 7142
1 6814
3 7742
1 8182
1 454
3 8710
1 1325
1 8198
1 5911
1 5992
1 5692
1 5829
3 8345
1 5596
1 4556
1 5250
1 329
1 9075
1 5373
3 7264
3 7798
1 8557
1 6776
2 9330
2 9401
2 8811
1 8212
1 4209
2 9605
1 8091
1 1594
1 8990
1 1655
1 6393
3 9383
1 7063
1 7244
2 9340
1 8305
3 9252
1 9667
3 9698
1 9387
1 4196
3 8683
1 6153
1 9032
2 9834
1 9144
3 7488
1 7212
1 7359
3 7665
1 7173
1 381
1 1502
3 8766
1 6693
3 8165
3 8680
1 1602
1 5960
1 5982
1 8216
2 8277
3 7259
1 6447
3 7150
1 7714
2 9588
1 6064
3 8048
1 4803
1 7341
3 9845
1 868
1 1080
1 1189
3 9900
1 5657
1 9001
1 7450
1 5390
3 9912
1 7593
1 5979
1 5093
1 6131
1 1390
1 8754
1 7137
3 7754
1 319
1 5888
1 9848
1 5797
3 8727
2 8619
1 608
3 9292
1 4452
2 9911
1 6132
1 1542
4 9879
1 6337
1 9489
2 8735
2 8713
2 9130
3 9760
1 7604
3 8864
1 5126
3 8920
3 8390
1 6492
1 5288
1 5655
1 6460
2 9462
1 9380
1 4314
2 9631
1 9401
1 8852
1 699
2 9994
1 9653
2 9561
1 9027
3 7469
2 9510
2 9949
1 4118
1 7230
2 9399
2 9894
1 1401
1 9690
1 5106
3 9646
1 7681
1 7539
1 7740
3 8082
3 7392
3 8229
1 7091
3 7972
1 1075
3 9302
1 6592
2 8673
3 7424
1 8258
1 8440
1 7729
2 8608
3 8069
1 5567
1 6788
1 1191
1 8933
2 8072
1 4236
2 8743
3 7566
1 6075
1 9896
1 7146
1 1702
2 9818
3 7269
1 1492
4 9626
1 1441
1 9527
1 1550
3 7446
1 9196
1 6550
1 972
1 9480
1 7861
2 9809
3 9076
1 1618
2 9875
1 9809
1 4188
2 8231
1 7945
1 6781
3 8095
2 9213
4 9994
3 7990
2 9361
1 4419
3 7131
1 8536
1 5705
3 8571
2 8895
1 1291
3 9996
3 8832
1 1507
2 8889
1 6495
3 7308
2 9669
1 782
3 8665
3 8419
1 1046
2 9268
2 9056
1 1195
1 7619
1 7219
1 1608
1 1479
1 7826
2 8431
1 541
2 8685
4 9800
1 7880
3 9887
1 824
2 9455
1 7501
3 8916
2 8291
1 7124
3 8499
1 7090
1 458
1 1275
1 7065
3 8888
1 9824
1 8827
1 1413
3 8668
3 7408
2 8858
1 6645
1 1468
1 9248
4 9919
1 8805
1 7094
3 8551
3 9061
4 9881
1 4334
1 571
1 9948
1 530
1 4332
1 9313
1 1691
3 8099
1 8766
1 6549
2 9517
3 8806
3 8070
1 9261
1 5496
2 8057
3 8649
3 8258
1 8201
1 8980
1 6335
1 6234
1 7342
1 9924
1 636
1 7599
1 7540
1 722
3 8852
2 9283
2 8058
1 8295
3 7924
3 8197
1 8379
1 7021
1 7297
1 9236
3 9445
3 8320
3 9097
1 801
3 7274
1 9187
1 9955
3 7789
1 8322
1 365
1 4417
2 9789
2 9567
1 6266
1 466
1 4173
3 7232
3 8728
1 5673
1 936
1 4190
1 5727
2 8467
1 9910
1 6400
2 8226
1 353
2 9446
1 9029
1 4835
2 8752
3 7283
1 6305
3 8104
1 1124
1 1339
4 9834
1 9841
1 7186
2 9421
1 8297
1 7690
2 9051
3 9389
1 5121
2 9415
1 6009
3 7828
1 9469
1 9779
1 5584
3 9301
1 4428
3 7961
3 7470
2 8828
1 9722
1 1229
1 321
1 5558
1 7203
3 7380
1 652
3 8925
2 8618
1 1158
1 9385
1 737
2 9568
1 9332
3 8488
3 9240
2 8539
3 9627
3 7402
1 6978
1 1160
1 7374
1 1508
2 8360
3 7375
3 9917
1 4254
3 8872
1 9477
2 8218
1 4955
1 1517
2 9759
1 308
2 8633
3 9496
2 8160
1 1707
3 9954
1 5334
2 8815
3 7253
1 1682
2 9910
1 4913
1 9991
2 9963
3 7808
2 8938
2 9512
1 9425
1 9704
3 9129
2 8261
1 6110
1 4684
1 363
1 5736
1 4552
3 7335
3 7787
1 6475
3 8303
3 7330
1 9614
4 9917
3 8613
1 5722
1 8927
3 9952
1 7108
2 8445
1 808
3 9757
3 8022
1 4589
1 4535
3 9922
3 9843
1 1096
4 9926
1 9278
1 8999
1 446
4 9922
1 1386
2 9814
2 9484
3 8809
1 8680
1 1174
2 8510
1 3984
1 6150
1 4729
1 8277
1 8874
1 1576
1 9416
3 9469
1 4996
2 9357
1 1103
1 5340
1 258
1 5441
3 9020
1 20
1 9504
1 5197
1 6973
1 7731
1 4841
3 9503
1 9058
2 9867
3 9847
3 7541
3 9599
1 8943
1 8191
1 9343
3 7406
2 9075
1 7484
3 9327
1 5342
3 8100
1 9301
1 251
1 4248
3 9689
2 9245
3 7442
1 6741
3 9864
1 835
3 7946
1 6718
3 8253
4 9745
1 8819
2 9909
1 7428
1 7232
4 9958
4 9807
1 5767
1 5423
1 9968
1 9349
1 5210
1 8130
2 9515
1 1047
3 8050
1 5810
1 5507
3 7951
1 6232
2 9749
1 7446
1 5599
1 8330
3 9827
3 9291
1 6160
1 6980
3 9135
1 7188
3 9089
2 9527
4 9633
1 5959
1 6362
3 8087
1 8771
1 8450
2 9370
1 8134
1 7384
1 4539
1 7570
2 9880
1 299
1 6582
3 8777
1 5027
2 9796
1 1228
1 9455
3 7366
1 5675
3 7502
3 8716
2 9266
1 9373
1 7179
1 9418
1 573
3 9492
1 8851
2 8753
1 7150
1 9440
3 9104
1 4
1 980
2 9272
3 9308
1 6541
3 8986
1 6524
2 9707
2 8210
1 1180
1 6249
1 4956
1 5743
1 8121
1 5750
3 8970
1 4847
3 8309
3 8820
1 8267
1 4855
3 7483
1 7097
2 9653
2 8316
1 1109
2 8548
1 5932
1 8089
1 1573
3 7171
1 7818
1 5724
3 8802
2 9042
1 7435
1 6066
2 9541
1 7238
1 6316
1 6862
1 6690
3 8205
4 9942
1 7355
3 9892
3 8482
3 9614
1 7117
1 7134
3 9244
1 6780
1 7657
1 8774
3 8860
2 8710
3 9879
1 7609
1 8433
1 5072
1 8911
1 5142
3 7268
3 9984
2 9868
1 4261
3 7589
1 5729
1 5967
1 1156
1 9263
1 6202
1 8973
1 8640
2 9503
2 8312
1 7088
2 9978
2 9997
1 1709
3 7278
1 8420
1 5433
3 7877
2 8649
1 6410
1 7248
1 5791
1 9125
1 1139
2 9017
4 9715
2 9303
3 7963
2 8566
1 617
1 8942
1 4224
1 4806
2 8473
3 8531
1 757
1 6904
1 8351
2 8826
1 9790
1 1366
1 9942
1 8001
1 5535
3 9172
1 9958
1 7804
1 9164
1 555
3 8858
1 8837
3 7631
1 5417
1 4622
1 9512
1 9887
1 8416
3 7634
1 8177
1 4354
3 9289
1 6055
3 9508
3 8703
1 3989
1 9147
1 5730
1 5289
2 9532
2 8474
3 7854
3 9210
1 1045
1 6157
3 7206
2 8658
1 7743
2 8933
3 7823
3 8133
1 7334
2 8805
3 8239
1 4863
3 7725
2 9298
3 9709
1 4577
1 388
2 9275
2 9274
1 9493
3 8196
1 5013
2 8452
3 7596
4 9923
1 7962
3 7481
2 8368
3 9435
3 9652
3 7517
2 8931
3 9247
3 9014
1 4677
1 9484
1 4176
1 7444
3 7364
1 6783
1 9509
2 9368
1 5525
1 8655
1 789
2 8289
1 9981
1 8139
2 8700
1 9232
1 9467
4 9916
1 4223
1 5764
4 9984
1 5449
1 5048
1 477
1 6471
1 948
1 45
2 8479
1 5375
1 4379
1 9417
1 5321
3 8198
1 9475
2 8956
1 1017
3 9279
1 1183
1 4169
1 8595
1 717
3 8529
1 7956
1 5374
2 9151
2 8603
3 7527
1 4198
2 9247
3 7615
3 9643
3 7715
1 9953
3 7850
1 9816
1 4166
1 6772
1 5466
1 1634
3 9786
1 283
1 5084
1 9023
3 9068
1 6612
1 6642
2 8853
3 9762
3 8273
1 9631
1 4122
1 6697
1 9295
1 1423
3 7719
1 4237
3 9866
1 6611
2 9522
1 4730
4 9691
3 9168
1 5744
1 1296
1 1135
1 9945
1 5439
3 9676
1 297
2 8549
3 8189
4 9972
3 9009
2 8717
1 7066
1 7493
1 4135
2 9084
1 5187
3 7285
1 5290
1 7810
3 8410
1 8071
1 830
3 9802
3 7744
4 9880
3 7359
1 9193
2 9502
1 5467
1 4838
2 9812
1 1308
1 7795
2 8288
1 6016
3 9648
2 9035
3 8331
3 9183
1 8737
1 8316
1 9699
1 4083
3 7666
3 8997
1 8302
1 5457
1 4645
1 7290
1 8274
1 1343
2 9858
2 9635
2 9150
2 8846
1 6269
3 9421
1 5193
2 9215
3 8995
1 6026
3 8183
1 4283
2 8848
3 8225
4 9927
1 286
1 728
2 8513
1 4785
1 1190
3 9791
1 5939
1 5526
3 9432
1 6311
3 9516
3 8420
1 4149
1 4175
3 9275
1 8446
3 7167
2 8273
3 8460
1 772
1 5569
1 7968
2 9857
1 4392
1 5590
1 8462
1 8645
1 6775
1 8062
1 195
3 9369
1 729
1 7991
1 1442
1 7699
1 6077
2 8849
2 9413
2 9678
3 7750
1 71
3 8585
1 9856
3 7707
1 591
1 5617
2 8942
1 6033
3 8628
1 631
1 9256
1 9843
1 69
1 4212
1 4343
3 9639
1 7691
3 9110
1 6743
1 549
2 8383
3 7614
1 1246
1 9708
1 1060
1 9250
1 347
2 8159
3 9913
4 9749
3 9992
3 7832
1 1372
3 8677
1 4778
1 624
3 8865
1 6082
1 6469
3 8475
2 8568
1 5522
3 9227
4 9794
1 453
3 9364
2 9300
1 9122
3 7847
3 8816
1 31
1 227
1 9606
1 8991
1 4907
3 9078
1 9462
1 8395
1 6102
3 9939
1 4404
1 4750
3 8877
1 8200
1 7773
2 8307
1 4609
3 7326
2 8920
1 1384
2 9938
1 7386
2 9153
1 8791
1 9571
1 8801
3 8698
1 264
3 9831
3 8772
1 5524
1 1244
1 5774
1 5951
1 6558
1 5696
1 4325
3 9064
1 1439
1 1295
1 6413
1 8622
3 7956
1 7551
1 5997
1 8741
1 8664
2 8347
1 9874
1 8712
1 9734
2 8754
3 8375
1 8257
1 502
1 4738
4 9723
3 8058
3 8659
1 8032
1 4477
4 9668
1 8887
3 9826
1 622
1 1429
3 7984
3 8701
2 8760
3 7251
1 7272
1 7228
3 8826
1 6263
1 9640
3 7501
3 8308
1 7596
1 6399
2 8671
3 7418
3 8038
3 9313
3 9143
1 9616
1 6043
1 3990
4 9935
1 4852
1 6594
1 7755
4 9681
2 9577
1 7040
1 5710
3 7540
3 7248
1 7688
3 8041
1 6468
1 8239
1 6459
2 9614
2 9593
1 8811
1 8095
3 8914
3 7584
2 9979
1 8683
2 8077
1 8690
3 8549
1 4580
1 5726
1 721
3 9764
3 8256
1 9235
1 4711
1 5360
1 8147
1 581
1 9624
1 7792
3 8837
3 7825
1 9555
1 9406
3 7176
3 7594
3 8201
1 1543
3 9428
1 4707
1 4765
1 7577
1 5070
1 4619
3 7327
1 5832
1 6803
1 9644
1 6175
3 9959
1 4294
2 9043
1 1382
1 7369
1 8199
3 9023
1 8775
1 1488
1 8797
1 6465
1 7670
4 9783
1 160
1 8069
1 6166
3 9324
3 8676
2 8954
2 9673
1 7581
1 450
1 8932
1 4756
1 250
1 5807
1 9604
1 130
3 8474
1 1169
1 370
3 7652
1 471
1 5639
3 9441
1 5770
1 9588
1 5666
1 8384
2 8876
1 7490
1 7532
1 6353
1 7605
3 8025
1 1179
3 9813
1 7937
1 9229
1 5712
1 5136
1 7569
2 8228
1 9266
3 8757
2 8150
2 9434
2 8477
1 7997
1 7995
1 6284
1 4994
1 943
2 8254
1 4594
2 8061
1 63
1 667
3 9278
1 4242
2 8414
3 7704
2 8412
1 7996
1 9627
1 6331
1 8309
1 374
2 9121
3 8462
1 8082
2 8520
3 8980
1 8772
3 7390
1 7367
1 7133
3 7660
2 9087
2 8586
1 9137
1 5629
3 9312
1 4606
1 26
3 7597
3 9339
3 9266
2 8675
1 1216
1 1572
3 8059
1 96
3 8530
1 7257
1 4845
1 588
1 9878
1 6111
1 5314
2 8062
2 9156
1 296
1 1363
1 8528
1 5786
1 211
1 5539
3 7843
2 8873
3 7807
1 5695
1 8769
1 4206
1 5261
3 8782
1 8482
1 9065
1 9655
3 9053
4 9838
2 8468
2 8385
1 5602
1 4310
1 4543
1 955
2 8715
3 7317
1 5416
1 222
1 493
3 8889
1 7326
1 4681
1 5082
1 873
2 9214
3 8244
1 8918
1 1327
1 5843
1 9886
2 9982
2 9508
3 8801
1 5699
1 5358
1 6414
1 4273
1 6078
1 6083
1 9811
1 9210
1 6248
1 4941
2 9006
3 7917
2 9439
1 9352
1 8733
2 9776
3 9205
3 9752
1 734
1 185
1 5054
2 8651
1 1637
1 4767
1 9928
3 9681
1 8855
1 1056
1 5208
2 9009
1 637
1 6108
1 665
1 288
1 1203
1 600
1 5152
2 9719
1 572
4 9874
1 6207
1 1261
1 9202
1 4141
1 8222
2 9607
1 9622
2 8514
3 8622
1 7941
2 8924
2 9590
1 4973
1 1505
1 4381
3 8370
2 8546
2 8999
1 5306
1 7545
1 4203
3 7494
1 5742
1 399
2 9438
3 7544
2 8171
3 9484
3 7417
1 1141
3 8018
2 8585
1 1667
2 8396
2 8946
3 9557
1 4700
4 9817
1 5144
1 5157
1 7194
1 4697
1 8377
1 1068
1 6591
1 5366
2 9177
1 410
3 8372
1 5869
1 8768
2 8317
1 9386
1 6705
4 9830
3 9877
3 7888
1 7295
1 9369
1 9320
1 6340
3 9486
1 8010
2 9348
3 8736
3 7887
1 5898
4 9912
3 9493
1 9005
1 146
2 8075
4 9904
1 4339
2 8630
3 8120
3 9607
1 8633
1 6812
1 327
1 5815
3 8020
1 7222
1 657
3 8117
1 6679
2 9975
1 999
1 8868
1 8727
1 712
3 8349
1 1612
1 9424
1 7329
3 9032
1 5471
3 8526
3 9270
1 5706
1 5000
3 7734
3 8839
3 8180
2 9584
1 8315
1 5113
1 7745
2 8584
1 7119
1 7642
1 9191
1 5565
1 4679
2 9618
2 8716
2 8343
1 7110
3 8504
1 1605
3 8588
1 4464
1 5899
1 5349
3 8517
3 9468
2 8490
1 7488
3 7271
3 8568
1 5059
4 9698
2 9432
1 9069
1 5975
3 8861
1 7487
1 4746
3 7358
1 8153
2 8607
3 7413
2 9839
2 9970
3 7315
1 7100
2 8911
3 9112
3 7262
4 9705
2 9329
2 8267
3 8691
1 9575
1 9973
1 8970
3 9863
3 8973
1 9657
1 279
3 8397
1 7499
1 6287
2 8420
1 8981
1 584
1 8107
1 9307
1 4653
3 8694
1 149
1 7118
1 1647
3 9735
1 1636
1 7548
1 7944
1 7711
1 6227
3 7910
1 9298
1 6971
2 9825
2 9907
1 6751
1 9315
1 3994
4 9788
1 7590
1 146
1 9738
3 7940
1 1030
1 4846
2 9335
3 7895
1 4478
2 9778
3 8179
1 1280
1 4599
1 4107
1 5408
2 9471
4 9730
1 984
3 8033
1 520
1 6349
1 968
1 5330
1 9774
1 6045
1 4506
3 9447
1 6722
1 7700
1 6383
1 7394
1 395
1 5850
1 9205
1 271
1 8163
3 8835
1 351
2 9076
1 1706
2 9746
1 1582
1 8839
2 8459
1 5146
1 6140
1 1499
2 8242
2 8065
1 6364
4 9752
1 6152
1 6568
1 6587
3 7353
3 7474
1 4966
2 8361
1 4930
3 8784
1 302
1 8526
3 8378
2 8176
2 9480
2 9252
1 5998
1 128
2 8668
3 9537
3 8595
1 9544
1 7457
3 8787
2 9565
3 8540
1 1240
3 8550
3 7178
1 6995
1 6199
1 1583
3 9811
3 9526
1 7002
3 8521
1 6195
1 109
1 7263
3 9478
1 730
1 9565
1 5886
1 5011
3 9272
1 7318
1 6666
2 9803
1 8475
1 4322
1 879
1 4218
1 4396
1 6165
2 8553
3 9606
1 8560
2 9843
1 9047
1 5231
1 7319
1 8487
1 888
1 9962
1 1375
2 8363
1 7429
2 9827
1 9901
3 9142
2 9052
3 8270
1 141
3 9919
1 4549
1 5418
2 9171
1 8192
1 5825
3 9609
3 9351
1 8329
1 4102
1 7845
1 9059
3 8451
1 7468
1 4163
1 9600
3 9394
3 9600
1 7360
3 7799
1 5105
1 9752
1 7983
1 9919
1 8086
1 1350
1 9791
1 7960
3 9539
2 8814
1 8320
1 4101
1 8101
1 7192
3 7273
4 9667
1 7782
2 9067
1 3982
2 8602
2 8997
3 8866
1 4889
3 9878
1 8197
3 9742
1 6160
1 186
1 8865
3 9612
1 6256
1 6622
3 8068
1 8603
1 8885
1 7618
3 9666
1 7883
3 7158
1 9641
1 8494
1 9020
1 4199
1 816
1 8892
1 6303
2 9167
1 7086
4 9651
3 9451
1 9331
2 9278
1 9268
3 9907
3 9004
1 8214
1 4263
1 5069
1 6754
1 5383
1 956
1 1058
1 969
3 7801
1 367
1 4936
2 9804
2 9690
1 8537
1 9845
3 7489
3 9271
1 675
1 5792
3 9356
3 7503
3 8365
1 9941
1 677
1 5776
1 5866
1 6101
1 5398
1 9254
1 352
2 8266
3 9453
1 5889
3 9424
1 6097
1 8889
3 9974
3 8295
3 8016
3 8512
2 8252
1 432
1 7870
1 8285
2 8757
1 7169
2 9157
1 8138
3 9088
3 8209
1 6456
1 9721
1 1431
1 7229
2 9306
1 5683
3 7351
2 9257
1 5918
1 5173
1 4926
4 9758
1 5740
2 9680
1 428
2 9553
3 7720
3 8798
3 8354
3 8368
1 7924
4 9743
1 9826
1 1383
3 7556
3 8442
3 8206
1 1635
2 9704
1 3956
2 9144
2 8973
1 4902
1 4274
1 4959
2 9333
4 9653
1 341
1 4576
1 1106
3 8056
2 9288
2 9885
3 7311
4 9832
1 5816
3 8263
2 8797
1 4676
1 8994
3 7590
1 6391
2 8785
1 7676
2 9024
3 7922
1 9591
3 9386
3 8768
2 9256
2 9437
1 8173
1 6519
3 9417
1 4690
4 9624
1 4265
1 509
1 8567
1 1632
1 7612
1 9698
1 6147
2 8967
1 5597
2 8736
1 9452
1 324
2 9420
1 1259
1 5448
1 1493
3 7679
1 8804
3 9056
3 9990
1 7020
2 9586
1 8098
1 4640
2 9959
3 9611
1 1651
3 8230
3 9162
1 8336
1 1367
1 34
2 9924
1 6676
1 19
1 8726
1 4858
1 1487
1 7010
3 7223
1 4793
3 8389
3 9387
1 4282
1 9040
1 8465
1 5741
1 5001
1 97
1 5977
2 8349
1 462
1 1370
1 1241
1 5844
3 8578
1 5512
1 8469
1 9917
2 9089
1 7951
1 4861
1 9302
3 8862
3 8935
1 8132
3 8301
1 9596
1 7479
3 7629
3 8039
2 8246
1 9319
1 5295
2 8069
1 6213
1 1270
2 9781
1 5800
3 9318
3 7967
3 8188
1 8339
1 9589
1 4533
1 9766
3 9721
4 9656
1 8119
1 7594
2 8930
3 9127
1 8046
1 7597
2 9656
1 7694
1 4983
2 9754
1 180
3 9554
2 8669
1 820
3 7891
1 5303
2 9528
1 7602
3 9820
3 9235
1 7197
1 6025
1 7125
1 6671
3 7618
1 4751
1 8072
2 9903
1 7208
1 7713
3 9942
1 7894
1 785
3 7649
3 8373
3 7881
1 6380
3 8508
1 429
2 8290
1 4525
1 8734
1 798
1 9634
1 6245
3 8542
1 6604
1 9490
3 7572
3 7157
3 9361
2 8910
1 1140
1 5015
1 134
1 8651
3 9746
3 7455
3 8392
1 5425
1 7933
1 8006
1 5297
3 7617
1 4327
3 7680
3 9583
1 539
1 964
1 5857
3 8432
2 8524
1 6599
3 8664
1 5777
1 6554
1 5632
1 7354
3 9231
1 9536
1 8965
2 9652
2 8844
1 9912
1 758
2 9255
1 6430
1 7563
1 210
1 1485
1 5550
1 4532
3 9531
1 1192
3 8604
1 5245
1 690
1 7830
1 7669
2 8613
3 7616
1 9678
1 6224
1 656
4 9631
3 9743
2 9287
1 118
3 7976
1 1514
1 6574
3 9177
1 8787
3 7995
3 8913
1 1052
2 9864
1 278
1 9062
1 6771
1 8641
3 8511
3 7416
1 6484
1 8846
3 9072
3 8424
1 7803
1 6057
1 575
3 7745
1 7838
1 7598
3 7840
1 634
3 9850
3 8638
3 9910
1 4798
1 171
3 8821
2 9699
1 8246
1 874
2 9742
2 8912
1 1482
1 8497
2 9242
1 5260
2 9806
3 8187
1 4728
3 9641
1 5879
3 7588
2 9538
1 1688
3 8241
3 9443
1 9142
1 8566
1 4288
2 9756
1 6713
4 9621
1 7874
1 9286
4 9742
4 9976
2 9692
1 7522
1 9024
1 5554
1 4125
1 1147
1 5116
3 8312
1 7538
3 9507
1 9795
1 4931
1 1593
1 7280
1 9720
1 1204
4 9982
4 9868
1 7469
1 9028
1 6334
1 7104
1 7460
1 5229
3 7930
1 8123
2 9338
1 5035
1 9817
3 8027
1 9662
1 7698
1 4395
2 9943
1 6638
2 8816
1 8411
2 9887
3 7693
1 1349
1 685
1 5338
1 121
1 9567
2 8521
2 9748
1 4089
1 4512
3 7531
3 9049
1 7047
1 7286
1 6440
4 9808
1 5249
1 5630
1 6540
2 9740
1 9265
1 9520
3 7529
3 9416
1 5520
1 8605
3 7931
3 9584
2 8439
3 9040
3 9513
3 8096
4 9724
1 4286
1 7262
3 7154
1 4958
3 9591
4 9847
3 8948
4 9870
3 8398
1 7912
1 7926
1 4256
1 5937
1 124
4 9992
2 9175
1 908
1 4363
1 9714
3 7871
1 895
3 9274
1 4459
1 6753
1 8501
3 9402
1 7102
1 919
1 9687
1 236
1 4003
3 8062
1 1043
1 9902
2 8271
1 839
3 8139
1 7267
1 1303
2 9893
3 9958
2 9098
1 8886
1 4839
1 8608
3 7955
2 9083
3 9322
1 9173
2 8053
1 7037
1 4551
3 9241
1 7362
1 117
3 7748
1 8773
3 8619
1 9891
1 8615
1 9383
1 6729
2 9228
1 8609
2 9365
1 6711
1 1545
2 9106
2 9747
3 8277
1 523
4 9644
1 1320
3 9311
3 7145
1 408
1 4374
3 8933
1 6146
3 8431
3 7226
3 9899
4 9821
1 5240
1 7431
1 5557
1 7624
1 5548
1 337
2 9967
1 7777
1 6281
2 9405
1 9016
3 9886
3 8725
2 9853
4 9664
4 9727
3 7345
2 8801
2 8491
1 1565
1 1175
1 5721
2 9230
1 6777
3 9246
1 4800
3 8764
1 9400
2 8900
1 4789
1 671
1 5228
2 8168
4 9699
1 7606
1 7293
1 568
2 9321
1 891
2 9015
2 9088
2 9731
1 731
1 702
2 8050
3 9754
1 8673
1 335
1 5474
1 6176
1 8531
1 8555
1 4108
3 8137
2 9169
1 5504
2 9069
1 6085
2 9496
1 9603
1 7638
2 9417
1 8538
3 8171
3 8560
3 8454
1 7683
1 6569
1 5642
1 6702
2 8891
1 5794
1 199
1 7640
1 122
3 8293
1 5715
1 9963
1 8111
3 7536
2 8825
1 4607
3 8311
2 9845
2 9381
1 4391
3 7163
1 1315
3 8812
2 9934
1 1662
1 7165
3 9773
2 8534
1 7905
1 8740
2 9840
3 8177
3 9350
2 8979
1 4109
1 5793
3 9398
1 8229
1 9918
1 6155
2 9696
3 7164
3 8029
1 4654
1 8102
3 7225
1 9862
3 8563
1 1305
1 1562
1 1432
1 5256
1 7572
1 1081
1 4035
3 7732
3 7510
1 7844
2 9033
1 384
1 6237
1 5279
3 7737
3 7601
2 9884
1 9636
3 8089
2 8615
1 84
1 9143
2 8184
1 6345
1 596
3 7809
2 8523
1 4748
3 7410
1 7416
1 9097
1 7068
1 6322
3 8903
3 7570
1 4554
1 1553
2 8230
3 8713
2 9398
3 8863
2 8966
3 7191
1 4731
1 8960
2 8587
1 4995
1 4378
1 4612
1 224
1 1086
2 8428
1 6470
1 8909
3 7603
2 9810
3 9409
1 5633
2 9582
1 1373
1 5523
3 8124
1 8436
1 8256
1 6368
2 9204
1 5068
1 1028
3 8596
1 6420
1 7136
1 978
1 8385
3 8723
4 9971
1 3957
1 5376
3 7518
2 8745
1 8080
1 4768
1 4152
2 9028
1 6395
2 9282
2 8392
1 7724
1 8113
1 7827
2 9163
1 6095
3 8132
1 478
3 7600
1 8105
1 7696
1 7132
1 5135
2 8387
1 463
3 7546
3 8049
1 8836
1 7062
1 8493
1 8558
2 8357
1 9446
1 87
2 8726
2 9842
3 8695
1 7423
1 7776
1 4669
4 9659
3 8900
1 1402
1 7709
2 9240
2 8382
1 9745
1 8714
3 7650
1 7636
1 315
1 8093
3 8329
1 8426
1 8207
1 519
1 7521
3 7855
1 9217
1 1282
1 4355
1 1323
2 9487
1 9689
1 9488
3 8896
1 7566
1 1369
1 5958
2 8978
1 4647
2 9687
1 4523
1 1129
1 507
3 7774
1 903
1 9985
1 7568
1 7046
2 9467
3 9510
1 811
1 9659
2 9158
2 8222
3 8905
1 4666
1 7069
2 8563
2 8374
3 7867
2 9232
1 5108
1 7889
1 4977
1 9695
2 8435
3 7553
2 8683
1 9252
3 8208
1 7544
3 8305
1 925
2 8836
3 8444
2 8241
1 8928
1 6505
3 8822
3 8732
2 8411
1 5658
1 9312
1 5149
3 9070
1 1161
1 6099
1 7101
1 844
1 5008
2 9236
2 8530
3 7243
1 7335
2 8536
2 9363
2 9665
2 9190
1 9574
2 8204
1 6259
1 1524
4 9846
1 4500
3 9366
1 4967
1 5864
1 4689
2 9347
1 306
3 7391
2 8916
3 9109
2 8935
1 5806
1 5486
2 8927
2 9192
2 9915
1 6479
1 7998
1 5443
3 7865
3 8043
3 8960
1 6238
4 9756
1 5050
1 5222
1 6063
1 4021
3 8871
1 748
1 8913
1 6767
1 4505
3 8074
1 7513
1 66
2 8770
3 7965
3 9352
1 5485
1 6191
1 4844
1 998
1 8862
1 1420
3 9034
1 4997
1 6664
3 7612
1 1498
1 4415
1 4429
1 8067
1 9231
1 7518
1 898
1 5481
1 1148
1 8055
3 9160
1 7320
2 9355
1 5154
3 8449
1 8563
1 9152
3 8848
2 9301
1 8949
1 9006
3 7987
3 7882
1 6379
3 9477
1 5333
2 9081
2 9039
1 4239
2 9557
3 7578
1 628
1 483
1 7151
1 9929
4 9906
3 7140
1 5687
1 6162
2 9040
3 8138
3 9413
1 451
1 8905
1 9429
2 8533
3 9682
1 4945
1 8521
1 7892
1 4146
3 7654
1 7116
1 7592
1 7123
4 9827
2 8720
2 9920
1 754
1 5086
2 9183
1 6258
3 7173
3 7674
1 7692
1 4916
2 9919
1 1663
3 9314
2 8985
1 7107
1 7143
1 9182
1 7393
3 7162
3 7500
1 8620
1 4521
1 5502
1 4644
1 6745
2 8167
1 9759
1 1515
1 4398
1 1474
1 6793
1 9639
1 5773
3 9550
2 8907
2 8365
1 4953
4 9734
3 8170
3 9487
2 9711
1 5396
3 7487
1 9566
1 1396
3 8885
1 7305
1 5761
1 6525
3 8759
2 9658
1 285
1 8015
1 1048
2 8282
1 9135
1 5346
1 1448
1 5591
3 8152
4 9655
2 8595
1 6273
3 8325
1 500
2 9310
1 5308
1 8179
1 4320
1 8025
3 7962
1 6365
1 6137
1 7207
3 7348
1 5894
2 8567
1 5313
1 8912
1 52
4 9948
1 942
1 7507
2 8518
1 8213
3 7333
2 9187
2 8275
1 8568
1 5278
1 7000
1 613
2 9581
1 6177
3 8535
1 6076
3 7194
1 5351
2 8304
2 9091
3 8413
2 9429
1 6774
2 9047
1 1235
1 9293
1 5043
2 9414
3 7267
1 1653
2 9634
1 4876
3 9370
1 5017
1 1512
1 9287
1 5837
1 8013
1 6675
3 9094
1 8003
3 9039
2 8957
1 1451
3 8283
1 9855
1 7465
1 1318
4 9974
3 7685
3 8118
3 7795
3 7547
3 8035
3 8640
1 4981
1 9168
1 7266
1 881
1 5316
2 9595
3 9667
1 6473
1 5353
1 6279
3 8134
3 9483
1 8821
3 7684
1 8242
1 1596
2 9058
3 8712
1 8188
1 5956
3 9597
3 7334
1 6758
3 9571
1 1404
3 9125
1 5779
1 8120
3 7868
1 4548
1 6243
1 1580
2 9865
2 8687
1 641
1 9562
3 9836
1 7183
1 5319
1 4618
1 5562
3 7925
1 9951
1 7869
2 8796
1 4267
3 8350
1 9895
4 9823
1 4826
1 284
1 9893
1 442
3 9789
1 247
1 8548
3 7395
2 8354
1 926
1 4177
2 8297
1 4210
2 9029
1 7727
1 6509
3 9306
3 9542
1 7979
1 9796
1 694
3 7371
3 8735
1 7809
1 5429
1 6270
3 9589
3 9521
1 8742
1 7801
2 9319
3 9774
3 9045
3 9054
1 5884
3 7862
1 1038
2 9488
4 9757
1 5579
2 9442
1 6696
2 8808
1 9259
1 5185
1 1182
2 9113
3 8656
1 6590
3 9976
1 5978
3 8606
2 9146
1 8565
1 5350
1 7708
2 9155
1 9009
1 5356
1 7852
1 5501
1 9835
3 8298
1 7377
1 9581
3 8836
1 383
1 6133
2 9034
1 5572
1 1463
3 7263
1 1381
2 9293
1 7946
1 1242
3 7554
1 8024
1 7656
1 8925
1 129
1 6052
3 9024
3 9590
1 8786
4 9822
2 8986
2 9296
4 9622
3 7921
3 7586
1 9831
4 9988
3 8943
1 7408
2 9722
3 8358
1 1321
1 765
1 7128
4 9850
1 6817
3 7396
1 812
1 7514
1 7239
2 9102
1 1695
1 5576
1 5
1 4143
1 4985
1 8176
3 8084
1 6210
1 8835
1 8460
2 8376
3 8617
1 39
1 9681
1 4504
2 9107
1 7536
3 9333
3 7189
3 7903
1 4031
3 9042
2 9530
2 8866
1 4859
2 9989
1 7702
2 8456
1 5690
1 7218
1 7903
3 8670
1 6629
4 9855
1 7695
1 4338
1 4138
1 1322
1 4827
1 6427
1 6564
2 8684
3 8699
3 7740
1 5348
2 9657
3 9309
1 1035
1 5257
1 9450
3 7879
3 7826
1 5460
1 8354
1 9421
3 9288
1 4592
1 627
3 9795
1 7425
1 9336
3 8975
1 4784
3 9385
1 4895
1 7421
1 5753
3 8598
1 5234
3 7816
1 4026
3 9490
3 8620
1 8187
1 4130
3 7977
3 8333
3 7869
2 8988
1 275
1 6770
3 7730
1 9532
1 1215
1 8454
3 8789
1 8388
1 431
1 5762
1 4812
3 9355
1 7784
3 9552
2 8224
2 9624
1 4829
3 8379
3 7479
3 9249
1 1424
1 863
1 1007
1 5824
1 5148
1 7463
1 4162
3 8135
2 9969
1 5839
2 8989
3 8807
3 8776
3 8160
1 7407
2 8724
2 9960
3 8186
3 8324
1 5972
1 4006
1 4801
1 9723
1 5181
1 5020
1 8977
3 7230
3 8546
1 9089
3 7790
3 9167
3 7332
3 9425
4 9813
1 4115
2 8430
2 8695
3 8404
1 1466
1 1079
1 8930
1 4773
1 7480
1 1710
3 7683
1 1107
1 5180
1 8064
1 5352
1 9498
1 7893
1 5122
1 5205
1 9384
3 9027
1 4412
1 6588
1 7988
1 753
1 6598
3 9523
1 4974
1 1304
1 8491
1 6913
2 8154
1 5318
3 7711
2 8371
2 9315
1 9726
1 9810
3 8988
2 8367
1 5058
1 393
4 9784
1 9237
1 615
3 8750
3 9138
1 9861
1 7209
1 647
1 1623
1 4246
1 550
3 7958
3 8586
4 9687
1 7402
1 9399
1 6014
3 7152
3 7144
1 1059
4 9975
1 1560
1 7750
3 7151
1 7237
1 1287
1 1181
1 5609
2 8928
1 4303
4 9744
1 9184
3 9399
1 5494
2 9939
1 4671
1 6389
4 9671
1 5700
1 7734
1 5676
1 7171
2 9643
1 5713
2 8281
1 5811
1 525
1 4870
1 8136
1 95
1 5117
1 893
1 1039
4 9989
3 7302
1 5621
1 4517
1 6129
1 476
1 5990
2 9231
1 83
1 4651
2 9837
3 7393
1 9299
3 9384
1 4167
1 7454
1 945
3 8076
1 5298
1 7017
3 7249
1 6072
1 7356
1 4455
1 6211
3 9888
3 9580
3 9253
3 8092
3 8796
3 9613
3 8093
1 4682
2 9950
3 8788
1 7614
3 8243
1 6488
1 6684
2 9195
1 1473
1 5747
3 8472
3 9792
2 8403
3 8618
1 27
3 9163
1 6375
1 334
1 64
2 9954
1 1133
1 5543
3 7763
1 8903
3 8456
1 7961
1 534
3 8819
2 9358
1 5574
3 8046
3 8178
1 9587
3 8232
3 8895
1 9613
1 6441
1 9977
1 7831
1 4349
2 8677
1 4113
1 7712
1 8659
3 7820
1 6237
1 5931
1 8700
1 745
1 7610
1 4923
1 5964
1 8513
2 8543
1 7807
2 9219
3 7729
1 4408
2 8244
1 1249
2 8690
2 9524
2 8544
3 9082
1 5251
3 9817
4 9620
1 8777
2 9433
1 8945
2 8155
3 9069
2 8180
3 7673
2 9782
1 8074
1 7732
1 192
1 855
1 6766
3 7952
1 4575
2 8660
1 586
3 7464
1 1062
1 5172
1 1211
1 823
2 9572
2 8845
1 1504
1 9428
1 9954
1 7327
2 8329
1 419
1 6145
1 1426
1 225
1 6297
1 8840
2 9615
3 8153
1 8699
4 9898
2 8596
1 8404
1 91
3 8590
1 6446
1 7323
2 9422
1 4919
4 9787
1 7578
4 9767
1 7142
3 8330
1 9547
3 9626
3 8773
1 417
1 6610
2 9662
1 1410
3 8289
1 9730
1 8878
2 9359
3 8823
2 8789
3 8151
1 7392
1 6636
1 4385
1 4455
1 5589
1 1527
3 8465
3 7477
1 4159
1 6727
1 8048
1 9728
3 9884
3 8340
1 7520
3 7906
3 9582
2 8708
1 532
1 7576
1 9311
2 8610
2 9068
1 6739
1 8217
3 9159
1 260
3 8034
3 7434
2 8334
3 9840
3 8019
2 9790
1 5820
2 9906
3 9894
1 4558
1 5053
2 9819
1 8388
2 8280
1 580
1 639
1 1616
3 8007
3 9573
3 8731
3 8536
2 9172
1 966
1 300
1 7975
3 7751
1 282
3 7184
1 6161
3 9101
3 8534
3 9971
3 9948
3 8356
1 4441
1 6173
1 7873
3 9317
1 4226
4 9969
3 7523
3 8781
1 8559
1 6480
1 974
1 4988
2 9466
3 8722
1 684
1 5219
3 7459
1 1718
1 8184
3 9823
1 5010
1 9663
1 8478
1 9908
2 9718
2 8583
1 9916
3 8945
1 8350
4 9806
1 8310
1 7478
1 6196
1 7332
2 8233
2 8810
1 1128
2 9198
1 8792
2 8194
1 8441
3 9151
2 8272
1 8366
3 9955
3 8249
3 9873
4 9985
1 7
4 9703
1 248
1 1621
3 8996
1 7725
1 6277
2 9339
1 6553
4 9692
2 9649
1 648
3 8357
3 7747
1 894
1 5468
3 7182
1 548
1 4744
1 4590
1 5032
3 9768
3 7336
1 7387
1 8376
1 8953
3 7300
2 8330
1 5436
3 9569
4 9943
3 8479
2 9933
1 5287
1 9004
2 9341
1 5076
1 653
3 9152
2 8721
2 8255
1 5444
1 1430
1 9599
1 8884
1 793
3 9945
2 9847
1 9767
1 6344
1 7346
1 8043
3 7200
1 4722
2 9279
4 9642
1 8484
1 8634
1 4755
1 4362
2 8623
1 1677
3 9555
1 6647
1 4605
3 8644
1 497
1 7788
1 5865
1 9819
2 8714
3 9838
4 9643
1 6265
1 5996
2 8611
1 7928
1 9002
1 4484
2 8332
3 9562
1 8126
1 5195
3 7575
3 7812
1 4632
1 9351
1 289
1 8765
3 7347
2 8739
3 7638
1 4614
2 8434
1 7517
3 9617
3 7319
2 9046
3 8927
2 8655
1 1619
1 6908
1 5296
4 9986
1 5976
2 9583
1 4772
1 8703
1 4316
3 9772
3 7602
3 8985
3 8140
1 1674
1 7049
2 8803
2 8471
1 8936
1 595
1 9784
1 4702
1 1143
2 8679
3 7134
1 6360
3 9259
1 1071
3 9103
2 9196
1 9658
1 5087
1 6421
4 9829
3 8525
3 8815
1 5852
3 8168
3 8751
1 348
1 5111
3 7256
1 6656
1 5329
3 8119
2 9913
1 9110
3 8569
1 4488
1 1009
1 5667
1 4427
1 7749
1 6301
3 8515
3 9359
1 7127
3 8547
1 9408
1 6035
1 9391
1 9971
1 202
1 7875
2 9149
1 9648
3 8510
1 861
2 8645
3 8203
1 8762
1 4780
1 8767
1 9157
1 7617
1 1595
1 5310
1 5224
3 8693
2 9007
3 9828
1 4276
3 7555
1 6433
1 9569
1 5025
2 8834
1 6707
1 8646
3 8090
1 8096
1 5679
3 7346
3 9299
1 62
1 9768
1 8090
1 6051
1 9660
1 4307
3 8554
3 7927
2 8495
1 9434
3 9382
1 994
3 9328
1 8713
1 9141
3 8061
1 333
1 1137
3 9564
1 1671
1 5659
1 7969
3 9859
2 8903
1 5147
1 5874
3 8495
1 9984
1 4720
1 4724
1 4854
3 8998
3 9918
3 7254
1 8298
2 9556
1 6617
2 8941
1 4279
1 7196
3 9218
1 7674
1 8816
1 4975
3 9595
1 7820
1 8483
1 82
2 9808
1 7992
2 8993
3 8101
3 9758
3 8575
1 804
1 6390
1 9621
2 9848
4 9900
4 9774
3 8906
1 6406
1 6974
1 1532
1 4329
2 9533
1 8504
3 9745
1 7325
3 7504
1 9834
2 9918
3 7992
4 9729
1 293
1 8578
3 8873
1 883
4 9764
1 8355
1 6329
3 7339
1 4249
1 7586
2 8447
1 292
2 9822
3 8843
1 9553
1 1003
1 4754
1 976
1 1476
3 9535
1 8352
1 8150
3 8005
3 8886
1 9854
3 7849
2 9870
1 6804
2 8676
2 9202
1 9654
3 7970
1 1689
4 9793
1 9864
3 7357
1 744
1 9483
1 9370
1 8081
1 1110
1 9116
1 5244
1 1084
3 7224
1 853
3 9672
1 9228
1 9674
1 9675
1 7917
3 9463
3 7794
1 8719
1 992
2 9327
1 9637
1 1194
1 5194
2 8919
1 4350
1 8611
1 6090
2 9724
1 7343
3 7360
1 9492
1 9272
1 6979
3 9375
4 9679
1 8049
1 5325
1 8159
1 6235
3 7831
1 4791
2 8729
2 9425
1 6319
3 9775
3 7675
3 7861
1 5895
1 9773
1 4978
1 4922
1 6643
1 676
1 5547
2 9273
3 9146
3 7901
1 996
2 9574
1 6659
1 5470
3 9923
1 9161
1 6438
3 8214
1 287
2 8888
3 9779
1 4545
1 7180
1 9018
4 9711
1 8757
3 9893
2 8528
1 9643
2 8755
1 6298
2 9122
3 8297
1 8225
3 7971
1 5455
1 28
3 9986
1 8571
1 5188
4 9676
1 6013
1 872
1 5851
1 5608
3 9057
3 7202
2 8906
2 8486
2 9404
3 8952
1 5984
1 4633
1 8978
1 8657
1 7668
3 9717
1 7250
1 1152
1 7736
2 8616
1 6418
1 5415
1 5370
1 4160
4 9911
1 849
1 359
1 468
3 8219
2 9372
3 8261
1 6201
1 6296
1 6065
1 9290
1 4119
1 8730
3 7687
1 5328
3 9751
1 9073
2 9344
3 7886
4 9997
1 9105
3 7932
3 8762
1 8315
2 9901
1 5115
4 9741
3 7561
3 7480
2 9208
1 6746
1 6000
3 7636
1 5530
3 9221
3 9821
3 8580
1 7227
1 7858
1 8564
3 7668
3 9471
2 9200
2 8178
1 6673
1 9772
1 8860
2 8767
1 8447
2 8395
3 7902
1 8784
1 8190
3 9091
3 7968
1 4230
1 5389
3 8284
3 9427
1 7993
1 4665
1 5508
1 7722
1 5344
1 5945
1 4893
1 9146
1 6905
1 9333
1 9140
1 5854
2 8605
1 328
1 707
1 8668
1 198
1 7954
3 7169
1 7199
2 8995
3 8786
1 1002
2 9475
1 5413
3 7626
1 822
1 4949
1 4628
1 7491
1 4498
1 7759
1 518
1 6294
1 4604
1 6206
1 4641
3 8264
1 7284
1 7405
1 7075
1 9243
1 4560
1 8375
3 7941
1 5893
3 7440
1 9701
3 9856
4 9887
1 7758
2 8504
1 569
1 9159
1 6609
1 6112
3 7524
1 669
1 1157
1 4384
3 8490
1 687
2 8791
1 9181
1 8000
1 6694
1 9602
3 7158
2 8501
3 9229
1 8720
4 9772
1 8174
1 8323
1 4782
2 9385
3 8459
1 1708
3 8730
1 1255
2 8734
1 8051
1 1569
1 8984
2 8577
2 9251
1 68
1 7628
1 4992
3 8857
2 8576
1 1090
3 9107
1 9751
1 1630
3 8403
1 1263
2 9948
3 8667
2 9391
1 9060
2 8400
1 6377
3 8811
1 1088
1 9650
3 8583
3 9224
1 5420
2 9110
2 8774
1 206
3 8689
3 8646
1 5024
1 4509
1 9694
1 4610
1 5096
1 6566
1 7567
1 4103
1 5731
4 9801
1 8468
2 8064
1 6517
1 5341
3 7913
1 6520
1 5132
4 9819
2 8917
3 7918
3 9970
2 8051
1 5785
1 8731
1 9758
2 8466
1 5009
1 7701
1 7006
1 8972
1 5946
1 8186
1 1388
1 5936
1 7120
1 6320
1 9617
2 8939
2 8980
1 7462
1 123
3 8218
1 7825
3 7198
1 8975
1 7243
1 4660
1 4933
1 9529
1 4891
1 6029
2 9877
3 9505
3 9636
1 5272
1 4277
1 8296
1 8445
3 8437
1 6304
1 8471
3 9572
1 1421
3 8527
2 9211
3 8361
1 223
1 1348
1 8276
1 7427
1 204
1 706
1 7922
3 8709
3 7372
3 8696
2 8461
1 6907
1 4178
1 1555
1 498
1 4563
3 8434
3 8323
1 9761
1 6750
1 6006
1 7564
3 7810
2 9452
2 9481
2 9768
1 6786
2 9609
1 9179
1 5563
1 7031
3 8275
1 6120
1 6271
1 8431
1 1398
1 6127
2 9111
1 7556
3 9296
1 1212
3 8280
3 7907
3 9092
1 7288
1 5981
1 7161
4 9896
1 9578
2 9066
1 7236
3 8142
1 8969
1 9712
4 9798
1 1319
1 5594
3 8940
2 9753
4 9884
3 9563
1 9174
1 5198
1 3977
1 4511
1 5571
1 5399
1 8271
3 7690
1 5719
1 6046
1 1040
1 4797
3 9232
1 9707
1 56
1 522
2 8621
1 7309
2 9926
1 4914
1 9461
3 7651
2 8351
3 7827
1 9409
1 6496
1 9595
3 9727
1 5323
3 9800
4 9750
2 9770
3 7937
1 7135
1 1537
3 9007
2 8551
1 7032
1 939
3 8415
1 9556
1 5324
3 9203
3 8614
3 9581
3 7374
1 5292
3 9460
1 7216
2 9065
1 7847
1 9225
3 8706
2 9285
3 8476
3 9348
1 9476
1 709
1 9397
1 310
1 9011
3 7199
3 9699
3 7908
1 4699
1 7600
3 9334
1 5304
1 8180
1 8230
1 277
3 9634
2 9547
4 9888
3 9156
1 9403
3 8854
1 662
1 6630
1 1311
2 9253
1 9746
1 5211
2 9576
3 8458
1 7641
1 1659
1 4106
2 8355
4 9683
1 1286
1 6219
1 1362
1 1483
3 7545
3 8556
1 6031
1 6764
3 7829
2 9988
2 9691
3 8222
1 6233
1 7730
2 9751
3 7706
1 8579
2 8519
1 1377
1 9077
1 7857
2 9143
1 8108
1 5953
1 9160
3 7978
3 7291
2 9125
3 7257
2 8949
1 7026
1 6091
1 7902
2 9560
1 4883
3 9479
1 8825
1 7526
2 8340
1 6405
1 7024
3 9544
1 9724
1 101
1 1509
1 5403
3 9924
2 8959
1 5120
1 1138
2 9186
1 1055
1 307
2 8773
1 6735
1 9422
1 9353
3 9285
1 1535
1 4194
3 9559
1 638
1 716
1 9244
2 8339
1 6307
1 8583
1 9543
1 4575
1 8580
2 9248
1 5868
2 9074
1 7467
1 9329
1 1408
1 4222
1 9396
1 8979
1 7677
1 4998
1 5890
1 552
1 7665
1 9350
1 6762
3 9341
1 1625
4 9694
2 9164
3 7656
1 6800
1 6452
1 4925
1 409
1 5607
2 9529
1 1198
3 8971
3 7525
3 7562
2 9723
2 8344
1 7899
3 8829
3 7543
2 9397
3 8017
2 8841
3 9778
2 9675
1 7868
3 9957
1 4775
1 6682
1 8738
3 7998
1 3972
3 8031
1 9765
1 8423
1 218
1 7906
1 7504
1 261
1 8124
1 4674
3 9429
1 8448
3 7760
1 9803
3 9118
2 8681
1 7703
2 9012
1 5684
1 4383
1 140
1 7808
1 4810
1 7455
1 5079
3 7757
1 5480
1 6464
1 9950
1 7412
1 7900
2 9493
1 4261
1 6253
1 5834
1 5233
1 6222
3 7397
1 1629
3 7731
1 4438
2 8667
1 8116
1 1530
2 8961
1 6792
2 8737
1 241
3 8493
4 9713
1 5980
2 8450
1 805
3 9963
1 5944
3 7412
3 9979
4 9636
1 9348
2 8315
3 8212
1 5033
3 8999
1 4749
1 6214
1 4733
1 6352
1 7644
3 7421
1 9873
1 1700
2 8798
3 8775
1 6595
1 406
1 9378
1 8993
1 8034
1 4387
3 7644
3 7819
1 9106
3 7786
3 8105
3 7448
4 9936
3 9265
2 8599
1 8920
1 8708
3 9450
1 8550
1 5262
2 8328
1 4528
1 7184
3 9264
3 9209
3 8887
2 9014
1 1153
2 8555
1 9760
1 209
1 9741
1 5606
1 8820
1 8974
1 6789
3 7980
1 4088
1 387
3 9396
3 9466
3 7160
1 4856
1 650
1 5034
3 9915
1 6005
3 7377
1 9785
1 7106
1 8824
1 970
3 8436
4 9940
1 7445
3 7954
3 8158
1 5804
1 7953
3 9124
4 9845
1 8842
1 4487
1 1136
1 4426
1 4445
1 988
1 6585
3 9819
4 9949
2 8458
1 9762
1 9034
1 7225
4 9883
1 1604
1 7019
1 1371
1 59
1 8618
1 9642
1 8342
3 9677
1 7735
2 9745
1 6148
3 7947
3 9598
1 8900
1 4807
1 6813
1 8562
1 8626
2 8591
1 1624
3 8702
2 9458
1 7157
1 7033
1 7525
1 5649
1 6724
3 9647
4 9618
1 8066
1 6080
2 8540
3 7780
3 7507
3 7159
2 9294
1 1301
1 6951
1 1227
3 8959
1 9255
1 827
4 9961
3 8498
1 7344
2 8465
1 9247
3 8395
1 249
1 1571
1 7420
2 9463
2 9161
1 9996
2 8388
1 9102
1 1208
1 7966
1 8319
2 9185
2 9086
1 1213
1 9495
2 8295
1 3954
2 9128
1 9618
1 4943
1 847
2 9764
1 5387
1 6216
3 7705
1 4695
1 6247
3 7537
3 8078
3 7621
1 5625
2 9729
1 6616
1 967
1 7635
1 4275
2 9829
2 9792
3 8661
1 1506
2 9964
2 8394
1 1232
4 9875
1 7241
2 8792
1 8036
2 8711
1 846
1 7989
1 5961
1 8131
3 9345
1 4910
2 9022
2 9702
1 9649
1 6728
2 9406
3 9185
2 8457
1 9449
3 8919
1 7023
1 6020
1 724
3 9865
3 8503
1 8327
3 9512
3 9515
1 7739
3 8753
1 8040
1 8288
1 1269
3 8937
1 5678
1 1577
1 9395
2 8830
1 6454
2 8409
1 274
1 9615
3 9967
3 8636
3 9814
2 9093
1 6851
1 6182
1 5128
1 1022
1 614
1 3993
1 9957
2 8897
1 8875
1 9535
3 7608
4 9739
1 8158
4 9970
1 8361
2 9201
1 5660
1 6172
1 7785
2 8694
3 8245
2 9598
1 6483
1 4442
1 5301
1 1340
1 7438
1 9453
1 6087
1 488
1 266
3 9038
1 5745
1 4917
1 1425
1 512
3 7866
3 8541
3 8315
1 9842
1 9306
1 1250
1 7799
1 4961
1 9598
4 9907
3 9977
1 9830
4 9789
3 7282
1 5395
1 4136
1 1450
2 8173
1 8045
1 7999
1 7687
3 8411
4 9928
1 183
1 909
1 9223
1 7867
1 7846
3 7426
1 6516
1 6521
1 5821
3 9225
1 6704
1 7317
2 8913
1 8908
3 7581
1 9899
1 5612
1 5613
1 7292
1 4623
1 8206
1 6680
1 8901
4 9797
1 7087
3 9533
1 8360
2 8300
2 8498
1 5440
1 6700
3 8040
1 5645
3 7322
2 9473
1 6527
1 8831
1 4693
1 4514
1 5472
1 7738
3 9067
3 7221
1 9936
1 5947
3 7505
1 6093
1 1633
1 7661
2 9685
2 8977
1 9432
1 5923
2 8837
1 7456
3 8260
2 8644
1 4894
1 4817
1 778
2 8415
2 9497
1 1278
1 1428
1 6500
1 6493
3 7728
1 589
1 9071
1 1661
2 8389
1 6117
1 4158
2 8579
3 7242
1 5577
1 7224
3 7378
1 230
1 4409
3 9161
1 1510
1 7099
3 8708
2 9795
1 7339
1 913
1 7769
1 7819
3 8938
3 9464
1 7193
1 5214
1 9057
3 9629
1 479
1 4742
1 8194
3 9688
2 9783
1 663
1 950
2 9346
1 1102
1 6220
1 7655
1 4828
1 5421
2 8373
1 4315
4 9939
1 5989
1 456
1 6251
3 7506
2 9342
3 7361
3 9729
1 9629
1 4591
1 9736
3 7290
1 8756
2 9103
1 7079
1 8788
1 743
1 411
1 536
3 9139
1 6250
1 4147
2 8418
1 8078
1 7269
1 4758
1 5716
3 8954
2 8545
1 9382
2 9548
1 4965
1 1026
3 7642
1 1357
1 4005
1 9537
3 9860
3 8758
3 7498
1 5703
1 8434
3 9662
3 9186
1 4368
1 6710
1 951
2 9705
3 8001
3 8779
1 9426
3 8250
3 9716
2 9297
3 9938
1 5809
3 7209
1 4182
1 304
1 237
1 449
2 9797
1 316
2 9552
1 4211
1 5799
1 1121
1 189
2 8670
1 1557
1 4869
1 7333
1 516
1 9610
4 9956
1 8244
1 65
3 8770
1 8293
1 8211
1 774
1 7530
2 9050
1 4328
1 5169
1 5446
2 8541
3 7785
3 7773
1 578
1 5614
1 5568
1 1716
1 6797
1 9153
1 7659
2 8790
3 7174
1 4161
4 9862
3 7436
1 4380
1 9821
3 9889
3 8492
1 5698
1 5885
1 9148
1 7115
2 9477
1 1239
1 345
3 9635
1 7276
1 7529
1 5556
1 9197
3 8344
2 8820
4 9959
3 7514
1 280
2 8153
1 220
4 9968
1 4124
3 9739
2 9003
3 9277
3 7761
3 9455
1 7221
1 5186
2 9575
2 9539
1 610
1 6663
1 6660
1 9786
4 9820
2 9129
4 9960
1 6457
2 9805
2 8704
1 98
3 8174
1 491
1 5280
2 8952
2 9425
1 5711
1 5871
4 9686
2 8824
3 8719
1 700
3 9379
1 1495
1 5458
1 4278
2 8926
3 8262
1 4216
1 5275
1 4413
1 1434
1 480
3 7404
1 9808
1 8858
4 9987
2 8470
2 8538
1 5586
1 8348
1 1355
3 9985
1 4904
1 9172
1 6796
2 9371
1 5241
1 9952
1 9288
1 7786
1 6580
1 5709
3 7686
1 6385
1 9304
1 1567
3 9003
1 9705
1 5041
1 4112
3 8629
1 4862
1 7588
1 8749
1 4451
1 564
1 133
1 8867
1 1094
2 9931
1 8
3 8385
1 9222
1 5603
1 9940
1 531
1 6019
1 9086
1 6906
1 7081
1 8195
3 8684
1 9303
1 1225
1 8228
1 4425
2 8067
3 9475
2 8170
1 1006
3 8692
1 1672
1 452
1 7422
3 9711
1 7258
3 7177
2 8378
2 8554
1 4471
3 9325
1 5491
2 9881
1 7706
1 8489
1 475
1 7595
1 5752
1 7949
2 8648
2 8550
1 5500
1 4570
1 8934
1 1387
1 8931
3 8282
1 9515
2 9317
1 4519
1 9980
1 4715
4 9766
1 890
3 8402
2 8505
1 37
3 9885
1 9937
3 9159
1 5848
1 738
1 1238
1 929
1 5276
1 1197
1 1234
2 8158
1 5179
1 6384
4 9802
3 7824
3 9517
2 9540
1 670
1 9203
1 5858
1 9214
1 9339
1 5203
3 9117
1 9381
1 8996
2 8370
1 4134
1 1297
1 5853
1 6236
2 9902
1 5018
1 6317
1 5057
1 7505
1 5266
3 8627
1 5497
1 8396
3 7325
1 8347
1 7163
1 1029
3 8471
3 9060
2 8748
1 5841
2 8214
3 7846
2 9002
2 8535
1 8399
1 6079
1 8763
1 7561
1 4319
1 4703
1 6458
1 5380
1 5983
3 7689
3 7640
2 9064
1 9926
1 940
1 5038
1 5969
3 7950
1 813
4 9950
1 5725
1 7261
2 9668
2 9850
1 8629
2 8601
1 7399
3 9806
2 8795
1 8278
1 1455
1 6552
1 836
1 9884
1 787
1 7395
3 7129
3 8603
1 9112
1 4446
1 769
2 8234
1 8798
1 9542
2 9856
2 8080
1 25
1 1525
1 814
2 8854
1 7770
1 4887
3 7495
3 7420
3 9461
3 7988
1 1036
2 9896
1 9889
2 9241
3 8182
3 8718
3 7486
1 9656
1 5332
1 5112
3 9013
3 8146
1 9715
1 8745
3 8799
1 7027
1 6810
1 790
3 8347
1 400
3 7875
3 7205
1 439
1 6142
1 5896
4 9905
3 8353
3 9121
1 747
3 9184
1 9815
4 9827
1 4376
3 7476
3 9935
1 1230
3 8658
1 1271
1 7553
1 767
1 6268
1 412
3 7813
1 7832
3 8339
2 9174
3 8163
1 6092
1 6533
1 4976
3 8240
1 746
3 7914
1 7409
1 5592
3 7873
1 8692
1 7673
1 4382
1 188
1 6589
3 7203
2 9632
2 8863
2 9697
1 485
2 9387
1 6461
2 9534
1 8498
1 9776
1 8594
3 8707
1 6778
1 1210
1 7972
1 838
3 9749
4 9722
1 4920
4 9700
2 8309
1 5503
1 1489
2 8279
1 9894
3 9619
1 4326
1 9987
3 8464
3 7643
1 4012
1 5973
2 8731
2 9350
1 7442
1 7829
1 4499
3 7606
2 8200
1 5838
1 4290
2 8215
1 850
2 9638
3 9946
1 6286
1 1100
3 8882
2 8054
3 8653
1 5462
1 8815
1 9850
1 8577
3 8124
1 8922
1 7189
2 9000
2 9380
2 9085
1 4813
1 6579
3 9670
2 8905
2 9698
1 9358
1 4842
1 9044
1 323
1 9519
1 4585
1 8612
1 6386
1 6619
1 5778
3 9673
3 9653
1 1159
1 6169
3 7911
1 989
1 7494
1 402
1 9055
3 7126
3 7193
1 4686
1 1518
2 8865
3 7403
1 8272
3 9063
1 8088
1 40
1 9797
1 61
1 4735
3 9405
3 7724
1 6431
2 8081
1 7557
3 8414
3 7671
3 8060
1 545
1 6482
1 6662
1 9375
3 9881
2 9176
1 6058
1 7841
1 207
1 1521
3 8505
1 5162
1 3954
1 5130
1 560
1 4260
2 9191
1 4262
1 4771
1 1258
1 4642
1 5514
1 4240
4 9954
1 7796
4 9669
3 8176
3 9822
1 981
3 9730
2 8883
3 9769
1 5359
1 1095
1 1581
1 7549
1 9927
1 5401
1 9294
1 4298
3 8121
3 8272
1 5674
1 9136
3 9491
1 1578
1 8723
1 5768
1 6463
2 9537
3 8509
3 7260
1 5801
3 8977
1 9518
2 9238
1 205
4 9979
1 4717
1 5177
1 7426
1 5669
1 7251
1 4582
3 9022
1 6228
3 7558
3 7478
2 8672
1 7986
4 9685
3 8327
3 7964
1 7472
3 8126
4 9696
1 1354
3 8116
1 1376
3 7342
2 8996
1 55
1 8823
2 8850
3 7802
1 9070
2 8756
3 9575
2 8612
3 8426
1 8346
1 4588
1 7172
1 9888
1 5878
1 9638
1 711
1 9437
2 8499
1 9120
1 8677
1 7531
1 6507
3 8651
3 8362
3 9297
1 4217
1 9697
3 9543
2 9545
3 9981
1 7925
3 9528
3 7959
4 9843
3 9439
1 1168
4 9932
3 8401
1 8250
1 5046
4 9634
1 4340
2 9179
4 9947
2 8185
1 5559
1 8406
3 9295
1 5955
3 8136
1 8122
1 54
3 9610
1 7349
1 5845
1 933
1 4882
1 1063
1 1020
1 9128
1 7401
3 7934
1 6428
1 8830
1 776
2 9362
2 8921
2 8306
3 9659
1 7663
3 7973
3 9982
1 4285
1 4317
3 9933
1 6156
1 4213
2 9495
3 7382
1 9706
2 9579
1 6084
1 7093
1 9008
1 9552
3 9862
4 9645
1 620
1 9956
1 8838
2 8070
1 8418
1 6018
3 9839
2 8780
2 8759
4 9812
3 7870
1 7970
3 8566
1 5616
1 4759
3 8166
2 9905
1 5217
3 8682
1 877
1 11
1 5036
1 100
1 7813
3 8111
1 579
1 7716
1 4221
3 8024
1 4559
1 9584
1 5239
1 9620
3 7771
1 4867
1 9045
1 8038
1 7871
1 5814
4 9873
1 860
3 9310
1 795
3 8269
2 9597
2 8962
2 9946
3 8726
3 7607
1 4946
1 6262
3 7255
1 9019
1 1440
3 9360
1 7652
1 4536
1 1379
3 8817
3 7432
1 915
3 7856
1 314
1 5624
2 8574
1 465
1 7353
1 1281
1 8591
1 1087
1 577
1 8638
3 8360
1 5145
2 8663
3 9255
2 8481
1 4292
1 7834
2 9542
2 9131
1 982
1 6024
1 725
1 8964
1 4787
1 53
3 8433
4 9842
3 8484
1 5166
4 9769
3 9650
3 9671
1 4747
3 8828
2 9525
1 9169
1 7350
1 6532
3 8202
1 4661
4 9844
1 32
4 9688
1 7202
1 5221
1 5707
1 8861
1 5083
1 8308
1 8128
1 4884
1 4117
1 9846
1 6054
3 9925
1 8104
1 5060
1 1399
3 7723
1 5206
3 9731
3 8012
1 986
1 175
1 4086
2 8195
1 244
1 5738
2 9569
1 9156
1 6970
1 733
3 9111
3 7289
3 8335
2 9823
1 5538
2 9148
1 8231
2 9318
1 4611
1 4156
2 9936
2 9189
1 8391
2 9891
2 9411
1 5644
1 6914
1 9868
2 8686
2 8301
4 9735
2 9596
1 7554
2 9645
2 9716
4 9925
3 7652
1 7028
1 763
1 7812
3 8332
2 9831
1 3960
1 6681
1 7383
1 4727
1 8400
1 5798
1 7502
3 7313
1 6369
1 4120
1 8477
1 8728
1 920
2 9816
1 5581
1 1501
1 187
1 112
2 9641
1 775
1 6565
1 5877
1 8955
1 6165
1 4796
3 7539
4 9674
1 8162
1 4402
1 8810
1 4892
2 8401
1 9513
1 1471
3 8609
1 4111
1 1044
3 7880
1 7534
1 6653
1 8948
1 825
1 4993
1 5862
3 9604
2 9224
3 7699
1 718
1 4579
2 9450
1 5751
3 7309
3 9137
1 5505
1 4874
1 433
3 8147
3 9500
1 6030
2 8356
1 5014
3 9756
3 8956
1 5155
1 8869
2 9119
3 8268
1 8476
1 23
1 7828
2 8882
1 4443
1 1534
2 9373
3 9499
3 7874
2 9736
3 7919
1 9438
2 9116
2 9004
3 8564
3 8834
3 8067
2 9041
1 361
1 5364
1 8832
1 714
1 6683
1 1097
1 6605
1 1205
1 4495
3 9276
4 9702
3 9134
1 6603
1 9123
1 7879
3 7889
3 7528
3 9392
2 9264
1 1099
3 9086
3 8513
1 6562
1 4397
2 9457
1 1650
1 9435
2 9225
2 8861
3 8103
2 8276
2 8634
1 8682
3 7836
3 9300
1 9586
1 4712
2 8902
2 9284
1 6332
4 9799
4 9762
1 7751
3 7837
2 8934
1 7410
1 5235
1 9911
1 5463
1 1680
2 8407
1 7766
1 4129
1 4537
3 8369
1 5247
4 9660
1 4139
1 4663
1 4692
1 6239
1 1053
1 6367
1 5904
4 9853
1 6188
1 7965
1 8569
1 7671
2 9833
3 9947
1 1186
1 5183
1 8698
1 8589
3 9934
3 9330
1 73
1 7390
1 7651
1 5090
2 8945
1 6138
2 9474
1 5909
3 8931
1 504
4 9666
1 5218
3 8075
3 8908
1 7051
2 9563
1 7936
1 7011
2 9844
3 9567
3 8014
3 7722
1 852
3 7265
3 9372
3 7632
1 9534
2 8547
2 9448
3 7314
3 7781
4 9952
3 9403
3 8672
1 666
3 8831
2 8188
2 9862
1 803
3 8993
1 8750
3 9256
2 8746
1 8902
1 301
3 9804
1 1224
1 4476
1 8729
2 8293
1 9242
1 4336
1 5163
1 5438
2 8193
1 674
1 9788
1 4927
3 8257
1 8427
1 7500
1 103
1 9404
1 831
1 1666
1 6911
2 9784
3 9380
1 660
1 8654
1 8554
3 7848
1 4295
3 9406
1 651
1 5495
1 6621
1 755
1 7823
1 9692
1 8152
1 5209
2 8287
1 4568
1 5754
1 1184
4 9728
1 5291
1 9625
1 735
3 8259
4 9641
1 8808
1 5182
1 9652
2 9860
1 9081
1 6503
1 8829
3 9147
2 8636
1 474
3 8892
1 1669
1 6342
1 6321
1 8020
1 1400
3 8374
3 8088
1 1333
3 7982
3 9940
1 897
1 6323
3 7508
2 9059
1 7939
2 8968
3 8367
3 7363
1 856
1 5428
2 9292
1 8325
1 8853
3 8519
2 9883
3 8480
3 8450
1 9651
2 8831
1 8141
3 9805
1 9177
3 9465
3 7286
1 1268
1 7742
1 1042
1 9171
1 6759
1 9407
1 6455
3 9784
1 8505
4 9967
1 7141
1 4881
1 6535
2 8323
1 7741
1 1380
1 9180
1 4957
1 7178
2 9392
3 7580
1 1018
3 7939
3 7628
1 9127
2 8998
1 4963
1 7126
2 9610
1 5532
1 8642
3 7912
1 9608
3 7564
1 111
1 4531
1 7704
3 8223
1 4903
1 6661
1 6912
1 8511
4 9877
1 70
1 5756
3 8983
3 9017
1 5437
1 8167
1 9763
1 4990
1 7470
1 9982
3 9258
2 8593
3 7635
1 8544
2 9779
3 8897
1 4359
3 8841
2 8701
3 9797
1 7198
2 8269
1 5354
1 5638
3 7890
3 9732
4 9677
3 8055
3 8785
2 9761
1 9364
1 8263
3 7945
1 5442
1 1219
1 7639
4 9638
1 8332
1 4403
1 8570
1 8707
4 9861
1 5986
1 6615
2 9360
1 551
3 7677
2 9912
1 547
2 9706
1 6490
1 9049
2 8212
1 4534
1 4423
2 8346
1 7403
1 953
1 4714
1 9037
1 8415
3 9693
1 7139
3 9326
2 8766
1 7931
3 9010
1 7974
1 949
1 1622
1 864
1 4850
3 7490
1 4753
1 7348
3 7133
2 9929
3 9722
2 9879
3 9260
1 6536
1 5088
3 7484
3 9785
2 9773
1 7806
2 9861
1 4140
4 9810
1 9837
1 9844
2 9980
2 8981
1 7678
2 9985
1 9913
3 7179
1 226
1 6511
3 8098
3 8387
1 9464
1 1078
2 9331
1 6740
3 9065
3 7569
1 1416
1 9947
3 7535
1 7613
1 1639
1 7621
1 221
1 843
1 4192
1 8291
1 4627
1 7038
1 8334
1 7476
3 9898
1 885
1 8486
3 8966
3 9896
1 696
1 5913
1 4929
1 4799
1 105
3 7147
1 6543
3 9596
1 85
2 9725
3 7425
1 8289
1 4770
1 9719
3 8576
3 8242
3 9362
1 4186
3 8286
1 267
1 9170
1 1013
1 1050
3 9294
1 8695
3 7661
1 1356
1 8778
3 7953
1 9986
1 9289
3 7218
2 9031
1 5102
1 1116
3 9122
3 9956
3 9825
1 151
1 6695
3 8011
1 6623
1 108
3 8008
2 8838
1 6116
1 1262
1 8265
1 4639
1 5510
1 5016
3 8234
1 8890
1 7775
1 4220
1 4821
1 5225
2 8220
3 8287
1 4131
1 5784
3 8894
1 4116
2 9020
3 7467
2 8738
1 4491
3 8441
1 5595
1 5427
3 9637
2 8776
1 1638
3 9686
1 1292
1 9209
2 8571
3 9810
1 4906
4 9717
1 9881
1 8806
1 5118
2 8936
2 9659
1 8340
1 6752
2 9395
1 4658
1 9677
1 6372
2 8537
1 832
1 923
3 9687
2 8161
1 6394
3 9169
2 8417
3 9202
3 9059
1 29
1 6144
1 8106
1 9944
1 5926
1 5994
1 5379
3 9710
1 9709
1 7041
1 4482
3 7762
1 154
1 7723
1 4890
4 9804
1 303
3 9098
3 9025
1 7451
1 5431
1 8581
1 1025
1 5842
1 290
1 1188
1 8458
1 8402
1 7213
4 9779
1 9879
1 800
1 4215
1 8495
1 7964
1 7882
3 9488
1 6185
4 9882
1 8254
1 4900
1 5604
2 9780
1 963
3 8792
1 8281
3 8429
3 9269
3 9459
2 9589
3 8430
3 9130
2 8800
1 7012
3 7344
3 7530
1 50
1 9601
2 8744
1 5790
3 9158
3 7331
1 4296
1 5827
1 8455
2 9447
1 9511
1 6784
1 8011
1 9285
4 9732
1 8809
1 9903
1 9978
1 6672
2 9080
3 9331
1 270
1 912
1 8551
3 9928
1 216
2 8778
3 8754
1 629
3 8144
2 9184
1 147
1 979
1 9211
1 4830
1 837
3 9215
1 4142
1 5215
2 8764
2 9396
1 7240
1 9079
3 9809
1 513
1 6021
3 8641
1 7235
3 9410
1 6068
3 9834
3 8053
3 8290
2 8068
1 8814
3 9195
3 9226
1 5720
1 5902
2 8260
1 9463
3 9833
1 5490
4 9740
1 5107
1 9735
1 8854
2 9944
2 8429
1 6692
4 9990
1 6545
2 9554
3 9603
3 9149
3 9391
1 9499
3 8648
3 8412
1 7160
3 9842
1 5345
3 9514
1 7546
1 191
1 633
1 762
1 4137
1 1105
1 1368
1 9436
3 7777
1 5133
1 8148
1 1352
1 8644
4 9662
2 8441
1 6807
3 8267
1 8760
3 9587
4 9921
3 9588
3 9824
1 168
2 8166
3 7132
3 8939
1 4805
2 8877
1 4321
1 5484
1 5061
3 7806
1 9051
1 9570
1 4456
1 6347
3 7898
2 9514
2 8311
1 5424
1 217
1 9679
3 9036
1 7854
1 8219
3 7805
1 917
3 9703
1 8202
1 318
3 7803
1 164
3 7312
1 4269
1 6437
1 8710
1 9042
1 736
1 4510
1 6217
1 6136
1 6134
1 4672
1 9139
1 8891
2 9531
2 9053
4 9661
1 423
1 4777
1 1012
1 5970
2 9801
1 9257
1 4193
3 8742
1 8073
3 7292
1 4100
1 1132
1 4114
1 7881
2 9802
1 9549
3 7835
1 7424
1 5819
3 7667
1 6640
1 8857
2 8886
3 7362
3 7148
3 7538
2 8855
2 9955
3 7307
1 4024
2 8225
1 8364
3 8814
1 5364
3 8790
1 8185
3 9371
3 9287
2 9793
1 7891
2 9838
1 7679
2 8851
1 1016
1 8724
3 8893
1 1264
1 4439
1 503
3 8473
3 8969
4 9891
1 8584
1 4947
1 6631
3 8745
3 9407
1 6570
3 8572
1 8118
1 8479
1 6218
1 8178
1 7314
1 6178
2 8292
1 760
2 8594
3 8879
3 8400
2 8894
1 585
3 7983
3 9437
1 9456
2 8656
3 8859
2 8620
2 8742
3 7604
1 9328
2 8249
3 9199
2 9418
1 7234
3 8844
1 7168
3 8552
3 9257
2 8871
1 6732
1 1346
2 9082
1 8157
1 6815
4 9978
1 7746
3 8740
1 7486
1 8140
1 5787
3 8066
2 9509
3 7688
1 5378
1 6785
3 8003
3 7758
1 145
1 1453
1 8534
1 6747
3 8738
1 4232
1 5903
1 6203
3 7591
3 8485
1 5049
1 5042
1 8372
1 1704
3 8898
1 8100
1 8694
1 8658
2 8177
1 4513
4 9689
2 9070
1 5243
1 7114
1 8941
1 4636
1 4696
1 9258
3 9220
1 5733
3 7576
1 4766
1 6356
2 9604
1 4541
3 8639
1 1603
1 8248
1 1015
1 7175
1 8743
2 9664
1 1694
1 6575
1 8205
1 8481
2 8992
1 1061
2 8628
3 9485
1 5534
3 9187
1 8110
2 9468
1 9085
4 9733
1 8962
3 9570
1 8910
2 9752
1 8950
2 9019
2 9741
1 6462
3 8994
3 8984
1 8255
1 8596
1 459
1 9508
3 8870
3 8855
2 9147
3 9793
1 6518
1 5392
1 397
3 7532
3 7443
1 7176
3 8478
3 7387
3 9960
2 8156
1 9433
1 9755
1 5521
2 8829
1 606
1 6687
3 9663
1 8031
3 9660
1 8935
2 8442
3 8086
2 8561
1 4252
2 8702
1 9992
1 4872
2 8321
1 5453
1 4781
3 7708
1 5575
3 9388
1 1552
1 9718
3 9633
1 9939
1 8954
1 8026
1 5686
1 7366
1 116
1 7980
3 9989
1 8383
1 6715
4 9835
2 8857
1 7958
3 9618
1 1529
1 8112
1 8524
3 7672
1 3976
1 544
1 5757
1 9497
1 9064
1 7281
1 4752
1 1643
4 9663
2 9734
1 756
2 9739
1 434
3 7463
1 8987
1 4834
3 7137
1 5335
4 9893
3 7768
2 9259
1 4586
1 6370
3 8013
1 5905
1 4145
1 5178
2 9260
2 8319
1 9680
4 9695
1 8665
3 7533
1 88
2 8741
1 4309
3 8545
1 1027
1 7682
2 9388
1 5788
1 5475
1 7379
1 784
2 9261
1 7443
1 1693
1 8235
1 6426
1 4501
4 9747
4 9951
3 7451
1 6275
1 6756
1 5872
3 7697
2 8915
1 9872
1 9442
1 5536
1 4804
3 9497
2 8835
2 9168
1 987
3 7698
1 9505
2 8464
1 8893
1 7580
2 9639
2 8817
1 4760
2 8345
1 9702
1 9208
3 9420
1 9095
3 9787
3 7400
1 8592
2 8885
1 6975
1 1149
1 5646
1 1185
1 233
3 7663
1 9877
3 9193
3 7767
3 8733
2 8164
3 8044
1 7626
1 6964
3 9620
2 8646
1 7503
3 8669
1 6357
1 106
3 7778
1 7697
2 9992
1 9310
1 4028
1 1564
1 5277
2 9651
3 7559
1 6408
4 9910
3 8624
1 6534
1 7271
1 9234
3 9140
1 232
2 9501
1 4448
3 9815
1 4691
3 9368
1 4096
3 9755
2 9788
1 1083
1 6163
3 8112
1 9612
1 155
1 1598
1 4905
3 9829
3 7996
2 9180
2 8529
2 9456
1 447
1 229
1 947
2 9073
3 8336
1 7430
2 8284
2 9660
3 9782
1 7153
3 7288
2 9976
1 349
1 9576
1 4016
2 9465
2 9625
3 9953
1 9340
1 7044
3 8946
1 1520
2 9280
1 7418
2 9760
1 6555
1 9700
1 6194
3 7582
1 6474
1 9121
1 1654
4 9708
1 7647
1 51
1 8496
1 922
1 7527
1 7397
3 7246
3 7491
3 7280
1 5985
3 8729
2 8229
3 9546
1 7008
2 8059
3 9154
2 9250
1 4180
3 9263
2 9383
1 9906
1 5487
3 9144
4 9909
3 8657
1 8284
1 1272
1 9322
1 7848
3 9444
3 9286
4 9635
2 9206
1 1243
1 9221
1 6044
1 5299
3 7155
2 8893
3 7838
1 7211
3 7192
1 6204
3 7499
1 683
2 9872
1 535
1 7253
1 7793
3 8964
1 4897
1 398
2 8198
1 4866
1 350
1 4304
1 5766
1 9988
3 7236
3 7648
3 9470
1 833
2 8074
1 93
1 4002
1 4578
1 5099
2 8056
3 9376
1 144
1 4790
3 8000
1 1310
2 9386
1 9207
3 9197
2 9170
1 1481
1 8856
3 7365
1 1480
1 4377
1 355
1 4508
1 958
1 705
3 8130
2 9856
2 9216
3 7691
3 9378
2 9459
2 8162
3 8494
3 9051
1 693
1 5023
1 9538
2 9672
1 1342
2 9290
3 8890
3 9343
3 8690
2 9369
3 9765
2 9090
1 8269
3 9374
1 602
1 930
3 8122
1 9341
1 9852
1 8602
3 8607
1 7774
3 8847
3 8899
3 8850
3 9489
3 9548
3 8236
2 8832
1 9
1 5962
3 8602
2 9613
1 1705
1 6060
1 8401
3 9120
1 9994
3 7355
2 9254
3 9426
3 7712
1 9804
2 8406
1 7130
1 86
2 8600
1 5459
1 4723
4 9751
2 9141
1 295
1 4865
3 8771
1 6056
1 9775
1 4547
1 554
1 971
1 4527
1 6712
3 9174
2 9777
1 326
1 6011
1 9548
1 9915
1 5367
2 9008
3 8808
2 8310
2 8629
2 9005
1 5533
2 9971
1 1008
2 8270
1 7611
1 8515
1 8317
3 9473
1 21
3 8574
3 9449
1 1091
1 6573
1 806
4 9902
1 5880
1 7865
1 1245
3 8006
3 9547
3 9361
1 7898
1 1313
1 7859
1 658
3 8094
1 995
3 8584
3 9071
1 5823
1 1364
2 9820
2 8350
1 7045
1 8314
1 8208
3 8936
1 4435
1 4544
4 9866
3 9196
3 9448
1 7675
1 113
3 7542
1 9430
3 9052
1 8664
1 8294
4 9899
1 9673
3 8113
3 7746
3 7298
2 9166
2 9011
2 8238
1 9710
1 9966
3 7381
2 9077
3 9000
3 7369
3 9480
1 8403
2 9932
1 9814
1 8585
1 1464
2 9416
3 9037
1 305
3 9536
3 9243
3 9115
1 8986
3 8220
2 8169
1 9377
3 9726
2 8740
1 8656
1 6512
2 9138
1 8382
3 9349
3 7714
1 5051
1 4837
2 8964
1 12
1 7672
1 7376
2 9962
2 9423
1 5286
3 8319
1 9220
3 7904
3 8846
3 7993
1 8422
1 5300
1 906
1 4250
1 8252
2 9384
1 48
1 4630
3 9740
1 7942
2 8163
3 8610
3 7560
3 8193
1 991
2 9428
1 4241
3 8597
1 6409
2 8399
2 9270
1 7860
1 6628
2 8247
1 7667
1 4364
1 1670
1 5365
1 6760
1 8243
1 9280
1 723
3 7180
4 9849
4 9860
1 9672
1 6336
1 4649
3 7695
3 7788
1 5065
1 5273
1 621
1 9711
1 6801
1 7575
1 792
1 81
2 9737
1 1345
1 6417
1 173
1 6607
3 7320
1 7485
1 1187
1 6121
1 6107
1 1645
2 8859
3 8036
1 4542
1 1293
3 8318
1 263
1 6049
1 8337
1 6123
2 9237
3 8438
1 8324
3 9462
1 7358
1 5452
1 4864
1 4668
3 9855
1 6411
1 4197
4 9637
1 8299
1 5930
1 1365
1 5246
3 9684
2 9374
3 9245
3 8238
1 7166
2 8625
3 9777
1 7080
3 9720
2 9813
2 8189
4 9632
1 1155
1 7303
1 342
1 6467
3 9164
2 8706
2 8408
1 49
4 9718
3 9812
1 4104
1 6486
2 8209
1 6632
2 8422
1 4353
3 9776
1 4736
1 9108
1 704
1 9798
1 7283
1 715
1 4944
1 703
3 8461
1 6289
1 8586
2 9197
4 9791
2 9836
1 99
1 7092
3 9849
3 7250
1 9115
1 6351
1 6071
1 5796
2 9027
1 9321
1 4271
4 9657
1 5327
3 8427
2 9136
2 9309
1 6229
1 6502
1 640
2 8199
3 7974
1 7650
1 7987
1 5704
3 8157
3 8915
3 8968
1 8129
1 4701
1 1024
3 9099
1 9510
2 9145
2 9869
1 9066
1 6787
1 281
1 9415
2 8331
2 8943
1 642
1 5165
3 8630
4 9777
1 5400
3 9999
1 7082
2 9684
1 7144
3 8409
3 8671
1 1119
3 7598
3 9848
3 8393
1 654
1 7918
3 9458
1 9840
1 6665
1 6481
3 9234
1 5232
1 9486
2 8421
2 9966
3 8593
1 5402
1 254
2 8631
1 1462
1 542
1 5759
1 889
1 8210
3 9113
4 9839
3 8497
1 8547
1 8196
3 7834
3 7733
2 9464
3 7433
3 8175
1 8341
1 9932
1 5432
1 4860
1 4880
3 7383
1 7288
1 8171
1 7453
3 9694
2 9258
1 7382
1 882
1 993
1 9007
2 8485
1 916
3 8154
3 7245
3 8316
1 612
3 7521
1 7321
1 8059
1 8279
3 9170
3 9649
1 4680
1 4673
2 9952
1 7625
1 9925
1 6624
1 9744
2 8444
1 377
1 7302
1 9423
1 8833
1 9014
1 7715
1 9923
1 8888
1 5092
3 9011
2 8341
4 9894
1 4420
4 9892
1 9138
1 9165
1 8008
3 7310
1 6366
1 8968
2 8908
1 8989
1 152
2 9591
1 9521
1 9300
1 1276
2 9676
1 33
4 9824
3 9268
1 9859
3 8279
1 6159
1 1712
1 7413
1 1145
1 8914
3 8645
3 7549
1 8747
3 8805
3 7563
2 8932
1 8485
3 9692
2 9325
2 8463
2 9419
3 8573
2 9049
3 7281
2 8777
1 9965
1 8877
1 4301
1 8061
1 1073
1 5971
1 200
3 9937
1 371
1 900
1 7474
1 8752
4 9672
1 6551
1 7571
3 9902
1 1231
1 4567
1 5391
1 5954
1 1329
1 4407
1 5104
3 9728
1 7204
3 7165
1 8863
1 9883
1 4721
3 7839
1 5867
3 9073
2 8446
2 9140
2 8160
2 9227
1 8770
1 8796
2 9454
1 6657
1 4251
3 7287
1 8904
1 9593
1 9820
1 5264
1 5870
1 6314
3 8634
1 8293
1 4932
1 7866
3 7370
1 7573
3 7700
3 9712
3 8810
2 9523
1 1478
1 944
1 1217
2 8588
3 8688
2 9721
4 9871
4 9897
3 9114
1 5170
1 7265
1 7934
3 7227
2 9366
4 9748
1 9943
1 5583
1 7316
1 4467
3 9321
3 8845
3 9691
3 9638
3 9799
2 8236
3 7646
1 1004
1 6736
1 4227
1 1123
3 9100
4 9693
2 8438
1 1698
3 8207
3 9988
1 8343
1 6531
1 9360
1 659
1 6811
1 8264
1 7710
3 9126
1 6716
1 8899
1 7637
1 7824
3 7439
2 9616
1 9516
1 4761
1 5426
3 8073
1 1117
3 8342
1 4704
2 9908
1 985
3 7969
1 9109
2 9708
1 5929
1 9346
1 4886
1 5184
1 4375
3 9601
1 4433
1 344
1 4126
1 8500
2 9354
1 8812
1 4369
4 9991
2 9849
3 8838
1 6295
1 1251
1 8021
2 9403
1 4497
1 7721
1 8170
1 6062
1 7744
1 436
1 7512
1 9390
3 7859
1 8144
2 9265
2 8654
3 9373
1 7963
1 9167
1 1066
1 7967
1 7645
1 768
1 1427
2 8970
1 1273
1 1459
1 4557
2 9489
3 9315
2 9490
3 7609
1 4027
1 5605
1 4764
3 8215
1 8457
2 8216
3 9870
3 7577
1 911
1 5855
2 8475
1 9131
1 5749
1 5164
2 9494
2 8614
1 8998
3 7833
3 8322
1 5748
1 9379
1 8414
1 9487
1 4709
1 5006
1 8552
3 7437
2 9961
1 5541
1 5044
1 405
2 9235
4 9913
1 8369
3 8501
1 5137
1 8951
3 7938
2 9886
1 5652
1 8275
2 8353
2 8592
2 9500
3 9367
1 7864
2 9045
1 5258
1 537
1 5940
1 7728
1 1279
3 8655
3 7379
1 5125
4 9895
1 8286
2 8890
2 9220
1 5856
4 9867
1 6584
1 7768
1 6241
1 5593
1 5516
2 9217
1 74
2 8325
1 5734
2 8878
4 9946
1 5482
2 9316
1 6125
1 5447
1 4811
1 6701
3 9891
1 7565
4 9886
2 8572
1 1717
3 7979
3 7718
3 9048
1 5372
1 7761
3 7655
1 8398
3 9964
1 794
1 440
2 9703
1 9324
3 8248
1 7299
1 8539
2 9958
1 1201
1 6685
1 7447
1 4289
2 9941
3 8376
2 9226
1 8238
3 7845
1 9043
3 7975
2 8517
1 1570
3 8204
1 1484
2 8991
1 5002
1 257
2 8642
1 201
1 5465
1 8716
3 7736
1 4664
2 9117
3 9605
1 1167
2 8359
1 6637
1 1422
2 8213
1 9186
1 8776
2 8762
1 4868
1 4657
4 9646
3 9880
1 8944
2 8875
1 8923
1 330
1 6436
1 9865
1 5907
1 6641
2 8379
1 4025
2 8232
3 9631
3 7681
1 5540
1 7270
1 4792
3 9734
1 4473
3 7909
2 8525
1 8164
4 9816
1 6274
1 5833
1 4200
1 1206
1 6151
1 4257
1 6167
1 7910
3 8085
2 8582
1 10000
1 3968
2 9546
4 9937
3 8679
3 9344
2 9193
2 9511
1 8041
1 5863
1 7296
2 8589
1 6246
1 4171
1 4538
1 7582
1 9771
1 8109
3 9576
1 1563
1 1486
1 7757
1 9241
1 219
3 9006
3 7430
1 5404
1 1607
1 5546
1 1113
1 4356
1 1202
1 965
2 8302
1 415
1 9227
1 5648
1 13
3 9818
3 7284
1 7757
1 16
1 7005
1 1064
1 5156
1 4486
1 8681
1 732
1 1114
1 1465
2 9061
4 9811
3 8539
1 4705
1 4258
1 7654
1 540
3 7756
2 9400
1 7978
1 9366
3 8502
3 7769
1 8845
1 4516
2 9482
2 8192
3 8445
1 9251
2 9854
1 174
3 8714
1 4181
3 7354
1 9502
2 8338
1 4950
1 7705
3 7929
1 1176
1 8143
3 7438
1 9036
3 9993
1 343
1 4843
1 7226
1 8946
1 5097
1 4458
2 9461
1 7345
1 4952
1 4572
3 9223
3 9803
4 9712
1 1037
1 1457
2 8305
1 9732
1 4462
4 9649
1 6350
1 4685
1 9238
1 7154
1 9691
2 9800
1 5476
1 9279
3 8633
1 9573
2 9137
2 8476
4 9795
2 9096
2 8763
2 9352
1 4694
1 7105
1 259
1 8356
1 5361
1 8574
3 7398
1 799
2 8725
2 8639
1 8249
3 7368
2 8157
1 7129
1 7089
1 9398
1 9260
1 1437
1 8052
1 5075
1 1220
3 8804
1 9326
1 7018
3 9540
1 1391
1 495
1 8488
2 9408
1 5922
1 7264
1 7310
1 6392
1 7916
1 4121
1 8023
1 4857
1 9869
2 8781
4 9790
1 8937
1 7201
1 3969
1 7927
1 8133
1 4128
1 4896
1 5933
1 4530
3 9207
3 9440
2 8947
3 7985
2 9199
1 8956
1 9372
3 9705
1 1409
3 9697
2 9491
1 7315
3 7244
1 5665
2 8640
1 4979
1 5600
2 8219
3 8612
3 7220
1 9961
3 7755
1 5901
1 4183
2 9271
1 1696
3 7579
1 4453
3 8934
3 9700
2 9682
1 4648
1 5634
3 9679
4 9706
2 8448
3 7804
1 1415
1 7794
2 9032
1 1414
1 1523
2 8842
2 9890
1 5236
1 6453
3 7329
2 8833
1 420
1 8813
1 1615
3 8185
1 7726
2 8522
2 9794
4 9809
3 9678
1 4342
1 8921
1 4414
2 9124
3 7373
1 4481
1 8223
3 8052
1 4225
1 4264
1 1435
1 5626
1 997
1 7231
1 153
3 8455
2 9239
1 9101
1 4616
1 4463
1 1675
3 7797
2 8182
1 7103
2 8860
2 9025
2 8285
1 807
2 9871
2 9518
1 5153
1 9729
1 7370
1 380
1 6039
1 4421
3 7717
1 8094
1 9305
1 6444
3 8941
2 8512
1 5451
1 9756
2 9633
3 8115
1 9853
3 7749
3 9192
1 759
3 9228
3 8506
2 8662
1 9880
1 6240
1 4683
2 9846
1 8425
2 8079
1 5781
3 8765
3 9201
1 6109
3 8579
2 8552
1 7643
1 571
3 8172
1 9410
1 8702
2 8982
1 9750
2 9727
1 386
1 5780
1 8533
1 4474
2 9356
4 9818
3 8102
1 4219
1 1316
2 9178
1 6100
1 604
2 8638
3 9841
1 8480
2 8784
1 1668
3 9621
1 404
1 8510
3 8748
3 7743
3 9858
1 6104
3 7641
1 1283
3 9261
3 7548
3 7752
3 7630
1 773
3 9621
2 9578
1 4205
1 5230
3 8763
1 514
1 4631
1 9035
1 6015
1 8358
3 8445
1 9038
1 7492
1 5822
3 8300
1 7753
3 9651
1 8684
3 8009
3 8558
3 9857
1 7432
1 291
1 4964
1 7307
1 441
1 1641
3 9273
1 6023
1 1326
1 6497
3 9365
3 8947
1 178
3 8129
1 8209
2 8478
1 7607
1 35
1 9558
1 7067
1 7406
1 797
1 5362
1 8014
1 9696
1 7351
1 8807
1 1108
1 9158
3 8747
1 7779
1 9246
1 4352
1 8759
1 7419
1 9669
3 9944
1 7835
1 6634
3 7415
1 157
3 9075
2 8665
2 9765
1 7837
2 9072
1 8625
1 6397
1 761
2 9308
1 6514
1 8974
1 1418
3 8211
1 4515
2 9851
1 8780
1 8044
3 9239
2 9389
3 9872
3 8195
3 8417
3 8929
3 7766
1 5691
3 9602
1 8087
1 6451
3 7215
3 8918
1 8663
2 9750
1 7260
3 7857
3 9794
2 8881
1 7763
2 8765
1 1200
2 9683
1 9427
1 4302
1 4593
1 5248
3 9994
1 6355
1 5739
3 9498
1 1443
2 8526
3 9077
3 8296
3 8181
1 6288
1 7817
1 235
2 9712
1 7477
2 9154
1 7304
1 8261
1 6302
1 9960
3 9868
1 9389
3 8912
1 6139
1 7608
1 8549
3 7633
1 9778
1 594
1 7300
1 7391
2 8929
3 9335
1 902
2 9504
1 9882
1 9801
2 9629
1 9496
3 8678
1 7121
3 7592
1 1519
1 193
1 7630
2 9277
1 9930
1 6215
3 7240
4 9771
1 231
3 8091
3 9568
1 8671
1 8232
1 4901
3 9016
1 9088
3 9233
2 8626
1 6359
2 9627
1 487
2 8925
2 8078
1 6485
1 1516
1 3973
3 9593
1 7849
1 156
2 8971
2 9526
1 7352
1 4490
1 8572
1 5461
3 8797
1 6769
1 8623
1 5993
2 9815
1 7913
2 9037
3 9738
2 8794
3 7815
1 9832
4 9953
1 1306
3 9661
3 8123
1 7908
2 9688
1 262
3 8453
1 7836
1 6069
3 9476
2 8783
1 445
3 9690
3 9095
3 9930
1 1490
1 1673
1 6809
1 871
1 8957
3 9363
3 7449
2 8879
1 125
1 6738
1 4399
3 9087
3 9861
1 7414
1 8995
2 8314
1 4233
1 5859
1 197
1 8924
1 7083
1 8799
1 9216
1 7007
1 4831
1 6081
1 1247
1 6223
1 5812
3 9180
1 9454
3 9623
3 8317
1 7034
1 7464
3 8904
1 5473
3 8388
1 120
3 8348
3 9761
3 9026
3 8681
1 8969
2 9771
1 9742
1 5073
1 5307
1 565
1 5265
2 8318
3 7702
1 1019
1 819
1 1609
1 870
1 635
2 9094
1 6626
3 8778
1 234
3 8715
1 8674
3 7864
1 77
3 8561
2 9516
4 9736
1 6686
1 1574
1 67
2 8557
3 8421
1 5081
1 9885
2 8923
1 6315
3 7239
1 6561
1 8859
1 4879
2 8580
1 7273
1 8240
1 4819
4 9731
3 9704
1 9554
1 1586
2 9799
3 7599
1 7516
1 8451
1 6179
1 7633
1 41
4 9768
2 9592
1 9787
1 5641
1 6717
3 8635
2 9323
2 9986
1 5103
3 9238
1 9737
1 5938
1 1157
1 8556
1 6567
3 9353
1 7043
3 9454
1 8666
1 7388
3 8591
3 7511
3 9883
1 6292
1 818
3 7916
1 1444
1 4214
2 9483
1 481
1 5763
1 4000
3 7216
1 9262
2 8983
1 6412
3 7466
1 1144
1 6230
3 8582
1 7252
1 8349
2 8497
1 5124
2 8598
3 9230
1 9431
3 9796
2 8617
2 8705
2 8709
1 9297
1 7767
1 5573
1 4655
3 9966
1 1692
3 8849
3 9962
1 7311
3 8953
2 8286
1 5802
2 9223
2 8278
3 9041
1 1566
1 7524
1 9412
3 8608
2 9693
1 7897
2 8381
4 9977
1 1575
1 8781
1 7634
1 7555
2 9835
3 7153
1 6546
1 1299
2 8511
3 8537
1 7004
1 107
1 1629
1 9769
2 9324
2 9367
1 7112
4 9814
1 4824
1 60
1 8529
3 8924
1 7396
1 9388
1 4424
2 8652
1 1070
1 4877
3 9316
1 9506
1 9749
1 7415
4 9889
1 401
1 5074
3 9561
1 6805
1 8718
2 9377
1 1711
1 1085
3 9031
2 8190
2 8609
3 8734
1 9067
1 1494
1 7771
1 7791
1 1648
1 4725
1 6041
4 9903
1 6324
1 5732
2 8793
2 9717
2 8758
1 8063
3 7229
1 1098
2 9998
1 4179
1 5226
1 6306
1 9539
1 8966
1 354
1 4299
2 9738
1 9545
3 7735
1 4708
1 5511
1 8624
1 9959
3 7127
1 7798
1 4361
1 4520
1 7878
2 8807
1 783
3 9307
1 688
1 5005
1 7764
1 4743
1 8828
1 9524
1 496
1 9481
1 5537
1 7508
2 9841
1 4962
3 8010
1 8189
1 7821
1 7660
1 4762
2 8500
2 9974
1 9975
1 1385
3 8265
3 7657
3 9630
3 7414
1 4437
1 165
1 5064
3 9518
1 5274
1 1130
1 6489
3 9175
3 9145
3 8192
2 8972
1 8794
3 9529
1 7707
3 9983
3 9181
1 1266
1 8588
1 9080
1 7915
1 5407
1 1360
1 255
1 5192
2 8624
1 9970
3 7892
1 6556
1 1614
1 517
1 865
3 9632
1 6047
4 9726
1 94
2 9236
1 8380
1 6491
1 8037
1 884
1 6601
1 1324
2 8987
3 9519
1 5129
3 9431
2 8335
3 9759
2 8179
1 9645
1 4625
2 8874
2 8569
2 9349
2 8951
2 8775
1 8419
1 6293
3 8967
1 4492
2 8333
2 9876
1 9892
1 6209
1 6798
1 1032
1 4935
3 9494
1 6652
1 7680
1 7909
3 8448
3 7238
1 4991
3 9182
1 4367
1 9989
1 5668
1 9134
3 9871
2 8413
1 9072
1 4940
1 4479
4 9841
1 9292
1 4984
1 1254
4 9704
2 8680
3 8991
1 4757
2 9715
3 9079
1 6593
2 9791
2 8503
1 389
1 5702
3 8687
1 1467
3 7883
1 5552
1 9666
1 9276
1 4970
1 6260
1 357
1 559
2 9573
1 1642
1 9111
1 4097
2 8174
3 9708
1 1690
1 1585
1 6614
1 1118
1 848
1 4485
1 7585
1 4418
2 9044
1 9866
1 1252
1 9314
1 7324
1 470
3 9481
1 163
2 9249
3 9200
2 9152
3 7639
1 7950
3 8793
1 4716
1 4507
1 4613
2 9848
1 4493
1 8386
1 9683
2 8632
1 7016
1 4698
1 9056
2 9472
3 7885
1 4710
1 1067
1 4123
3 8800
1 1338
3 7595
2 9520
1 8542
2 9622
3 7512
2 9375
3 8077
1 6443
3 8021
1 8169
3 8581
3 9419
2 9549
2 8542
3 8047
1 5653
1 8168
1 8397
1 1539
1 6154
2 9536
3 8856
1 9818
1 9015
2 8402
3 7943
1 8639
1 505
1 1146
1 506
1 6795
1 9619
3 9545
3 7814
1 9458
2 9650
1 1611
3 9869
4 9714
1 7583
1 181
1 5101
1 796
3 9553
3 8391
3 8921
1 7205
1 5430
4 9837
2 9390
2 9562
3 8516
2 9092
1 8282
1 5479
1 5549
3 9801
1 1652
1 7862
3 9895
1 1265
1 8675
2 8366
1 8543
3 7130
1 119
1 438
1 5268
1 5377
2 9666
1 4726
3 9132
1 212
1 8732
3 8173
2 8208
1 9789
1 6773
1 1260
3 7419
2 9889
2 8391
1 494
2 9594
1 4394
2 9550
2 8483
1 8166
1 7245
1 845
1 9392
1 9546
1 4734
1 7718
2 8532
2 9766
1 6799
1 4207
3 7944
1 7338
3 8266
1 7029
2 9640
1 6149
3 7844
1 6088
3 9969
1 1640
1 4526
2 8664
3 8341
3 8958
2 8696
2 9566
2 8558
3 8334
1 1556
2 9120
1 1447
1 7511
1 9093
1 7152
1 5570
1 5271
3 9150
1 6515
1 840
4 9852
1 6439
2 9888
1 5640
1 9531
3 7557
1 6744
3 9874
1 4615
1 7206
1 9345
3 7884
1 5517
3 9381
1 6300
1 283
2 8227
1 5293
1 78
1 5311
1 5131
2 8867
3 7376
3 8922
1 246
2 9612
1 6494
1 6625
1 5974
1 9676
1 7648
1 239
3 9171
1 7096
1 1054
3 8520
1 5127
1 5200
4 9773
1 8879
2 9914
1 9448
1 7294
3 8711
2 8480
1 9445
2 9048
1 1328
3 8741
2 8073
3 8110
2 9209
1 7780
1 5294
3 9357
2 8175
1 8137
1 4968
1 5066
2 9212
3 7923
2 9304
1 7904
2 8823
1 7417
2 9990
2 8268
1 8204
1 8652
3 8803
1 7330
2 8453
1 4581
1 5928
1 7439
3 7128
2 8337
1 170
2 9917
1 7242
1 5758
1 786
2 8165
1 9523
3 8553
1 618
2 8944
1 6910
1 1433
3 8524
4 9865
3 9733
1 7666
1 7884
1 4099
1 4247
1 6678
3 7709
3 8615
2 9602
3 8923
3 8184
1 1496
2 9243
1 1150
1 7331
3 8944
3 8477
1 6522
1 6028
2 9453
1 1077
1 6600
3 9770
1 5315
1 8301
1 5371
3 7468
3 7619
1 4341
1 4928
3 8383
1 4898
1 5237
1 9478
1 5849
1 5836
1 313
1 7646
1 810
2 9619
3 9781
3 7297
2 8482
1 9017
2 8201
3 8227
1 5189
1 7932
4 9995
3 7583
3 9973
1 6547
1 7686
3 9248
1 1587
4 9825
1 6278
1 4168
3 7166
1 7036
1 6008
1 5095
3 8989
3 7782
1 5409
1 5253
3 9624
3 7197
1 6327
1 6231
1 5478
2 8772
3 7409
1 5140
1 9149
1 9909
1 7615
1 7042
1 1389
3 8791
2 9165
2 8308
4 9709
1 276
1 4815
3 9525
1 8345
3 7957
3 8523
1 5897
1 8590
1 5339
1 1699
1 7365
2 8852
4 9981
1 9253
3 9549
1 1277
1 626
1 8114
3 8851
2 8822
2 8864
1 4788
1 7714
3 8567
1 7579
1 5469
1 5737
2 9038
1 1679
2 9476
1 7437
1 7943
1 9271
2 9132
3 9905
1 5694
1 5004
3 8637
1 6126
3 8291
1 5927
1 1089
1 5410
2 8440
2 8405
3 9920
2 8239
1 533
1 7971
1 9800
2 8203
1 6560
1 9564
1 5347
1 6808
3 8756
2 8262
1 1332
2 9617
1 4876
3 7219
1 245
2 9407
1 7662
3 9015
4 9980
3 8127
3 8276
2 9817
1 9308
2 8787
1 9126
3 9644
1 8649
3 8616
1 1526
3 8167
1 7337
1 142
1 8234
1 7623
1 4151
1 8165
2 8747
2 8235
3 9706
1 4110
3 8795
2 8455
4 9856
3 9656
1 24
3 8647
2 8678
1 7378
3 8162
3 7981
1 9530
3 8216
1 1344
1 6677
3 9897
2 9965
1 8691
3 7863
1 1101
2 8899
3 9213
1 5385
1 6212
1 6181
1 5850
2 8451
2 8728
2 8560
1 7762
1 6498
1 7254
2 9774
1 8545
3 7676
1 9976
1 8321
1 9607
2 9519
1 1714
1 1715
1 1599
1 7145
1 9997
1 4422
1 802
3 9674
3 7784
2 9393
2 9336
1 6283
3 9434
2 9246
1 177
2 8733
1 9104
3 7613
1 8992
3 7791
2 8868
3 8884
1 6007
1 5906
1 6596
1 8516
1 5320
1 4165
1 1177
1 5028
3 8926
1 1285
1 8817
3 9298
1 546
3 7208
1 6272
3 9936
1 7375
3 8592
3 8247
1 4524
1 9812
2 8250
1 8018
3 7716
1 5202
1 9273
1 448
3 7211
1 9863
1 8115
4 9629
1 1361
1 6432
1 9559
1 4440
4 9786
1 5635
3 9377
2 9505
1 104
2 9866
3 8131
3 7776
3 7905
1 242
1 5003
1 1664
1 6048
2 9824
1 8439
2 8768
1 4795
2 9114
1 4596
1 1683
3 7989
1 8522
1 5019
3 7394
1 490
3 7162
1 9802
3 9991
1 1546
1 7957
3 9474
1 4763
3 7231
1 1226
1 553
1 788
3 9066
1 777
1 7984
1 7603
2 8723
2 9244
2 9314
2 9513
1 4287
1 7901
3 9656
1 9185
3 8942
1 1031
2 9104
3 7389
1 215
1 5030
1 47
1 4745
1 4851
1 9374
3 8961
4 9719
3 9237
3 7779
2 8489
1 6193
2 9585
4 9890
2 9492
2 8843
1 136
4 9885
2 9606
3 8045
2 8689
3 8555
2 9160
1 6416
1 422
1 6067
2 9735
4 9675
1 8307
1 5663
1 75
1 8099
1 8408
1 7929
2 9637
3 8114
1 8705
2 9670
1 8224
1 576
1 9974
1 9747
3 7764
1 9249
3 8224
1 7174
1 1548
1 1001
1 8280
1 7919
2 9378
1 5422
1 1353
3 7516
3 7156
1 7074
1 4345
1 4208
1 6646
1 9245
1 9347
1 5161
1 9414
1 72
1 6548
1 8245
1 1713
2 8679
1 4150
1 4105
3 7915
1 4297
1 9661
1 9904
1 9825
2 8578
1 4529
1 851
1 5943
1 4960
1 9967
1 4406
1 9671
1 1237
4 9955
1 8378
1 1069
4 9630
1 9579
1 425
1 4386
3 9574
1 779
1 8735
1 8237
3 8981
1 6714
1 6180
3 7565
1 9284
1 4836
1 5285
3 7775
1 6976
1 750
1 668
2 9109
1 8084
3 9323
3 8199
1 5252
3 8760
3 8992
3 8700
3 7270
1 4238
1 8897
3 7526
1 8709
2 8940
1 7247
3 8654
3 7190
1 4095
1 5397
2 9858
1 5031
2 9218
3 8281
1 8300
1 5007
2 9945
1 4098
2 8884
1 6313
1 5158
2 9798
2 9603
3 7295
1 6114
2 8393
3 9997
2 8071
3 7305
1 5803
3 7796
3 9141
3 7341
1 4921
3 7822
3 9096
1 4195
2 8749
3 9284
3 8481
1 7030
2 9379
1 57
1 6050
1 6435
1 6358
3 9283
1 1164
3 8930
3 8028
2 9134
2 8245
3 7966
1 426
2 8688
1 828
1 9063
1 7541
2 8336
1 1302
4 9720
1 7523
3 9916
2 9276
2 8769
1 1528
1 8359
1 7109
3 9423
1 362
3 7423
1 9949
1 6802
3 8594
1 5040
1 6128
1 499
1 7649
3 7212
2 9811
1 6442
2 9807
1 1010
1 338
1 8306
1 8160
1 8818
1 9946
1 8156
1 6170
1 7155
1 7519
3 8057
1 7973
1 4638
1 8512
1 7584
3 7435
1 9670
2 8066
1 148
2 8691
2 9030
4 9701
1 6472
2 9937
3 7213
1 9393
1 5934
1 4370
2 9930
1 7783
1 8218
3 9217
2 8788
1 9096
1 4187
3 8150
1 9561
1 8017
4 9796
1 1406
3 9001
3 9807
3 9408
1 8789
1 9218
1 407
3 8423
1 6748
1 9794
1 8746
1 7411
1 8367
3 8909
1 1513
1 574
2 8559
1 567
1 931
2 8965
1 7347
1 6606
4 9851
2 9728
1 4786
1 4373
1 8906
3 8371
1 414
3 7233
1 1685
1 6734
1 9472
3 8686
1 8617
3 7427
3 7664
3 8663
3 7185
1 599
1 9013
1 5622
1 679
1 8215
2 9904
1 6721
3 8321
1 5528
1 6328
3 8743
3 9851
3 8717
1 5094
3 8761
1 8444
1 6105
3 9867
1 857
1 5322
1 6816
1 110
1 4908
1 6198
1 7653
3 7299
1 4037
1 9754
2 9112
1 9836
1 4004
1 959
1 6506
1 5826
1 6670
1 681
3 8830
2 9062
3 7146
3 7727
3 9663
1 7400
1 1617
1 6343
1 9000
2 8719
1 9361
2 8326
1 7853
1 9990
1 7364
1 7737
1 5924
1 7952
2 9343
3 8190
1 8541
3 7625
1 5910
3 9430
1 6674
2 9267
3 9216
3 8675
1 727
3 7471
1 7489
1 273
1 5840
1 6539
1 4678
3 9198
3 7726
1 6325
2 8223
1 6309
1 4769
1 8371
1 4718
1 695
2 8484
1 8866
1 7389
3 7935
1 7217
2 8152
3 9685
1 7398
1 4291
2 9763
3 9190
1 7433
1 8247
2 8950
1 7560
3 8491
1 7962
1 990
1 4053
1 8748
1 5672
1 914
3 9415
3 9987
3 7447
2 8416
1 1221
3 9105
3 9157
3 7496
3 9280
1 9041
3 9978
3 7550
3 7818
1 9551
1 1317
1 4253
1 1531
1 6
3 9522
4 9805
1 4634
1 6655
1 7380
2 9957
1 7797
1 5619
3 8666
2 8433
3 9446
1 8241
1 138
1 7959
1 7537
1 9129
3 9044
2 8508
3 7605
1 7509
2 9233
1 6094
2 9977
3 7936
1 6290
1 6523
3 9852
3 7624
2 9108
1 8697
2 8390
2 8699
2 8472
4 9738
4 9680
1 6530
1 4189
1 1644
3 8359
1 7461
1 5080
1 4574
1 5680
1 4305
3 9748
1 5701
1 5138
2 9981
1 1627
1 5302
1 9983
1 7381
1 5887
2 9628
1 7938
1 6339
3 9242
3 9725
1 7372
1 9318
1 834
1 1547
2 9001
2 8151
3 7753
3 9436
2 9123
2 9587
1 9362
1 5561
1 1412
1 7543
1 740
1 6053
1 5892
2 9927
3 9251
1 8233
3 8466
1 5379
1 312
3 8632
1 751
1 9799
2 8283
1 1436
1 6346
1 4153
1 1115
1 9540
3 7210
3 7235
1 6698
3 7272
1 5636
4 9941
1 3978
1 7765
1 5950
1 5915
1 5908
1 5861
1 9525
3 8878
3 8917
1 6130
1 6537
1 9474
1 8456
1 5336
1 6557
2 9972
1 9090
1 5174
2 8313
1 6189
1 9419
2 9700
1 9907
2 8502
3 9995
1 8923
1 6765
3 8869
1 5357
3 7551
3 9354
1 1
1 5995
3 7713
3 8979
1 821
1 5949
3 9211
1 7855
1 5651
1 5216
1 467
1 6032
1 6749
3 8631
1 9870
3 8051
3 8310
1 366
1 6089
3 7183
3 7492
3 8562
1 8621
3 9338
1 9582
3 9179
1 4878
1 252
1 9813
2 9762
3 8164
3 9081
1 8007
1 5355
1 5718
1 7164
3 7247
1 8587
1 935
1 5204
3 9527
3 9005
3 9808
1 4410
1 8068
1 8669
1 1681
3 8292
4 9760
1 8027
1 4496
4 9761
2 8449
1 6070
1 7308
1 6542
2 8590
1 4371
1 1684
1 7811
1 1309
1 4284
3 9084
3 8538
1 5664
1 167
1 4989
1 8273
1 4739
1 1417
1 8800
1 9275
3 7793
3 7324
1 5464
3 9714
1 5601
2 8573
2 9623
3 8233
1 5662
3 8169
1 1579
2 8369
3 7623
1 7589
2 9726
3 9715
2 9667
3 7852
3 7585
2 9895
1 5611
1 139
1 791
1 5419
3 8145
1 184
1 373
3 7261
2 9555
2 9449
3 9680
1 7077
3 7872
3 7441
3 9579
1 9557
1 7601
2 8432
3 9482
1 455
3 8963
3 9395
1 9115
1 8365
2 8183
1 4366
2 8856
2 9312
3 7204
1 5499
2 9222
1 6022
2 8692
3 8213
3 7520
3 8737
1 1335
1 4255
1 9500
1 1011
1 9727
3 7349
1 9628
1 6119
2 9345
1 9827
1 9905
2 8622
1 1626
3 9556
1 5134
1 240
1 7778
3 9411
1 457
3 8399
2 8327
1 9822
1 977
1 9078
1 4573
2 8904
1 5917
1 678
3 9908
1 4885
3 9212
3 8902
4 9878
1 9665
1 6098
2 9016
1 5999
1 5369
3 7207
2 9427
3 7356
1 1173
1 4741
3 7800
2 9410
1 9526
1 5150
3 7241
3 9763
3 7682
1 7620
2 9337
3 8972
1 4400
1 5506
1 937
3 8210
3 8949
2 9007
2 9535
3 9400
1 7940
2 9018
1 9468
1 7622
1 7896
3 8023
1 9969
1 208
1 4390
1 7887
1 9277
1 5875
3 8271
1 7306
1 7076
2 9435
1 6197
2 8377
3 7293
1 7547
3 9846
1 5029
1 8368
1 8432
1 9475
1 214
4 9625
1 6528
1 7122
3 9780
3 9949
3 8405
1 8033
1 9782
1 311
3 8063
1 1336
1 5190
1 7842
1 9626
2 8487
1 4522
3 7662
3 9305
1 9507
1 8021
4 9765
3 9608
3 8418
1 8872
3 7149
3 9965
3 8867
1 9365
1 317
1 6244
1 8653
2 9311
3 7181
3 9206
1 7495
2 9498
3 7926
1 8514
1 427
4 9639
2 8892
1 5159
1 430
1 169
1 1536
1 619
2 9430
1 7475
1 294
3 8467
4 9815
3 8428
1 394
1 4154
1 8357
3 9046
1 182
1 6404
1 7182
1 5882
3 8030
4 9648
1 5337
1 9857
1 6402
1 8898
1 6449
1 4170
3 8381
1 6668
3 9102
1 764
4 9930
1 9443
4 9945
3 8285
3 7721
1 10
1 5555
1 4942
1 8758
2 8372
1 5519
1 8047
1 5077
1 5201
3 7337
1 4820
1 4732
1 5588
2 8718
1 8689
2 9054
1 5873
1 9920
1 5808
3 9622
1 5047
4 9803
1 1041
1 5643
1 7481
1 5670
3 7694
1 7156
3 8446
4 9915
1 9993
3 9509
1 5477
3 8605
1 8303
3 7485
1 1686
1 9098
3 7701
3 7138
1 7693
1 92
2 9951
1 8575
1 952
1 9114
1 6559
1 689
2 8565
1 385
1 5238
1 6363
2 8840
3 8080
1 5160
3 9890
2 9570
2 8635
1 7064
2 8496
1 1358
1 8381
1 7497
1 8952
1 5828
1 918
3 7458
4 9858
1 9717
1 8755
1 132
1 8135
3 9133
1 7981
1 9103
1 6257
2 8703
2 8918
1 7994
2 9873
1 543
1 9460
1 6036
1 5022
3 8674
3 8752
1 7822
3 8587
1 5876
2 8358
4 9908
1 8834
1 9898
1 5805
3 7552
3 9616
2 8257
1 701
3 8302
1 9807
3 9083
1 7085
3 8642
1 4091
3 7386
3 9909
2 9142
2 8958
3 9926
4 9901
4 9746
1 1503
2 9647
4 9840
3 9592
2 8423
2 8955
1 9550
1 4333
3 8015
1 8028
1 1334
3 8002
4 9973
1 5957
2 8197
2 9499
3 8660
1 1606
3 9594
1 4825
1 697
2 8506
1 4468
1 7159
3 9214
2 9013
1 8917
1 4802
2 8510
1 8509
1 1170
3 8514
1 8161
1 4776
1 9780
2 8211
1 4015
1 9413
1 6434
1 1051
1 6779
1 655
3 8452
2 8240
1 9757
3 8522
4 9931
1 6419
1 7158
1 5119
1 8437
2 8516
3 7279
3 7201
1 8058
2 8976
1 854
1 5056
1 1697
4 9826
3 9932
1 6308
1 6602
1 5227
2 8802
1 6034
1 867
2 9826
2 8248
1 6164
1 8997
1 6633
1 593
1 598
2 8251
1 7167
1 9334
1 7003
3 8557
3 9853
1 1544
1 673
1 1452
1 932
1 8092
1 1112
3 9153
2 8562
1 4185
4 9682
1 1665
1 4244
3 9191
1 5281
1 5685
2 8887
1 5782
1 8370
1 6999
3 7275
3 7428
1 6699
4 9957
3 8386
1 7483
1 1111
1 8907
1 7014
1 6387
3 8313
1 7249
3 7168
1 7200
3 7942
3 9683
1 7800
1 1307
2 9713
1 9100
1 5564
1 6074
2 8821
2 9544
1 8630
1 4986
1 473
1 726
3 8072
3 8957
1 9444
1 592
2 8880
1 272
1 464
2 9828
1 9296
3 8026
1 9995
3 8840
2 8181
1 6388
3 9029
1 7177
1 7805
1 9871
1 4540
3 9165
3 8380
2 8647
4 9650
1 645
1 8470
1 4809
2 8697
2 9956
3 9534
1 396
3 8533
1 5735
3 7899
1 8532
3 7422
1 7872
2 9382
1 1646
1 5542
2 8730
3 7228
3 8496
2 9470
1 7131
1 7890
1 6158
1 8392
3 8109
