4 9943
3 9639
1 5600
1 9027
1 4353
2 8719
3 9049
1 4175
3 8860
1 4954
1 6227
3 9503
3 8212
4 9780
2 9798
1 4451
1 9528
1 5939
4 9922
1 5056
1 1386
2 9504
3 7290
1 693
1 1060
1 6002
1 1244
1 9147
3 8773
1 8213
1 753
1 5763
3 7593
3 8186
3 8511
3 8282
1 7387
1 1573
1 8944
2 9993
1 712
1 1604
3 7231
3 9933
1 5501
1 1099
3 8762
3 9296
1 1268
2 8770
3 7591
1 9820
2 8452
1 7293
1 8210
1 8676
2 9231
1 6787
3 9198
2 9898
2 9503
2 8505
2 9532
1 6574
3 9555
1 1439
2 9766
1 865
3 8923
1 5778
3 9951
1 9269
3 7886
1 7956
1 5729
3 8894
1 6469
1 4646
3 8606
1 8044
1 9645
1 6146
3 7955
1 7444
1 7359
3 9286
3 7286
1 9961
2 8750
2 8498
1 9717
3 7223
1 5984
1 7862
2 8971
1 7619
2 8744
1 8963
1 6571
1 5020
1 1290
3 7193
2 9852
2 9785
3 8243
1 9811
3 9492
1 1499
1 8762
2 8318
4 9987
1 7807
1 9627
1 9218
1 1277
1 4386
2 8701
1 6416
1 1520
2 9974
2 8594
1 961
1 5007
2 9053
3 9398
3 8622
1 7812
1 7291
1 9323
2 9142
1 5785
1 4197
1 7933
4 9952
1 236
1 6690
1 4578
4 9774
3 9694
3 9275
1 3976
1 8376
3 7807
1 361
3 9524
1 8222
4 9790
1 9695
1 1579
1 4181
1 1298
2 8408
1 490
4 9768
1 4613
1 1402
3 7360
1 1526
3 8130
3 8213
1 5977
4 9986
1 1072
2 8789
1 5630
1 6047
2 9564
1 4701
3 8529
1 8146
3 8699
3 8448
2 9186
1 888
3 8062
1 6680
3 8137
1 6288
1 1555
2 9554
1 1121
1 9812
3 9428
1 1083
3 8982
1 5342
1 7461
3 7973
3 8189
1 181
1 6238
1 1524
2 9966
1 7592
1 5685
3 9207
3 9979
2 8471
3 9248
1 4962
1 6782
1 4521
1 598
3 8211
1 9258
2 8058
2 9121
1 9187
1 6624
3 7561
1 7608
2 9232
1 4691
1 7627
3 9838
3 9329
2 9024
1 9555
1 8913
1 8486
1 6182
3 9511
1 4006
3 9871
1 9049
3 7185
3 8595
3 7971
2 8218
1 6814
3 9038
1 9937
3 8098
1 8631
1 8640
1 4983
1 4969
1 4253
3 7787
3 8264
4 9821
3 9786
3 9556
1 9557
1 4107
1 587
1 8354
2 9779
1 486
1 1179
3 7881
1 1594
1 7474
1 6511
3 7425
3 8514
1 9224
1 5616
2 9854
1 9763
1 8731
1 6733
1 5782
1 6443
2 8072
1 7281
1 1593
3 7222
3 9944
3 8847
1 5515
3 8352
1 735
4 9917
1 50
1 9705
1 9960
1 849
1 4230
3 7827
3 8984
1 8432
3 9966
2 9845
1 551
1 1442
1 4670
2 9882
1 4778
2 8478
2 9060
1 9613
3 7825
1 6257
1 944
3 9740
3 8599
1 9522
2 8259
3 7474
1 5130
1 629
4 9681
1 54
2 8619
1 7117
2 9826
1 5125
3 7473
2 8467
1 6604
4 9747
4 9903
2 9731
3 9251
1 7254
2 9029
1 4511
3 8005
1 7189
4 9724
1 9456
1 9436
2 8282
1 8106
2 9933
1 1092
1 708
3 8260
3 8656
1 6724
1 7395
3 8844
2 9837
3 7582
1 8804
3 9646
1 6206
1 5460
3 8944
3 9537
3 8356
3 7855
1 229
1 9675
1 8981
3 9890
3 8363
3 8375
1 5784
1 4481
2 8942
3 8321
3 7368
1 5154
2 9330
3 7581
3 7128
1 6077
3 9820
1 9875
1 8411
1 8572
3 8693
3 8259
2 8894
1 5336
1 9339
2 9397
1 7936
3 8221
1 152
2 8542
3 9552
1 642
2 9168
1 1515
1 7276
3 7356
1 7770
3 7609
2 8559
1 9689
2 8412
1 769
1 9137
1 8601
3 9864
3 7546
3 7563
4 9674
3 7757
2 8159
3 8509
2 9921
1 5401
1 4392
1 5024
3 7682
1 1532
1 5727
2 8745
3 8462
1 8968
2 9703
2 8057
3 7873
1 5477
3 7632
1 8378
1 6207
1 9605
1 7856
2 9684
1 1141
2 8548
2 9266
2 9824
3 9470
3 9445
1 1527
2 9525
2 8491
1 260
3 9112
2 8764
3 8283
1 842
1 1574
3 9300
1 9634
1 6380
1 8611
1 1046
1 5223
3 9345
1 1219
1 8243
1 5815
1 4446
1 4283
1 6741
1 129
1 6417
1 7422
1 1253
1 345
1 7460
3 9316
1 6485
3 7455
1 502
4 9745
3 9374
2 9793
3 9092
1 9272
1 8234
1 4324
2 8982
1 1116
1 5700
1 4248
2 8978
1 6414
2 8881
1 909
3 8593
1 326
2 9610
1 7603
1 7153
2 8997
4 9627
1 5327
1 6653
3 8293
2 8633
2 8453
1 4838
1 317
1 9494
3 9690
3 8589
3 9186
1 8995
1 7580
1 6594
1 5966
1 8737
1 9075
1 5831
1 4630
1 9505
4 9688
3 7433
2 9402
1 1031
1 231
1 209
2 9405
1 6468
1 5870
1 5829
3 9081
2 9901
1 5614
1 4523
4 9862
2 9594
1 7323
1 7222
2 8644
2 8827
2 9201
1 1119
1 7488
1 7727
3 8964
2 9473
1 1481
1 5586
1 4878
1 9745
1 7036
1 5588
1 7472
1 5573
1 8790
3 9009
1 7066
2 9171
1 436
1 750
1 227
2 8695
1 797
1 498
3 7599
3 7260
1 5867
1 8125
1 6709
3 8951
1 8879
1 7495
1 400
3 9405
3 9270
1 4007
1 382
1 9173
3 9170
1 4536
1 4459
1 5624
3 9600
1 9197
1 7105
1 7606
1 9857
1 1595
1 6171
1 7882
1 8615
3 9619
2 8364
3 9836
1 9251
1 6153
2 8217
1 8948
3 7727
1 4013
1 7904
1 5732
1 6673
3 8029
1 1242
4 9668
1 5946
1 956
3 7607
1 312
1 6647
1 296
2 8391
1 9055
2 9611
3 9450
1 5368
3 7715
1 5541
2 9428
3 7972
1 6009
3 7630
2 9369
1 6201
1 5367
2 9999
1 5276
1 6184
1 6350
1 5913
1 8895
1 8928
3 8853
1 4834
2 8933
1 1381
1 7801
2 9717
2 8636
1 9536
1 9803
4 9892
1 749
1 4501
1 8965
1 5178
2 8691
1 8404
1 9958
1 5418
1 9609
1 5121
1 8030
3 7235
1 4250
4 9983
2 9816
1 9480
1 1306
1 5158
1 4278
2 9635
1 7446
2 8383
1 8723
3 9739
1 9299
1 8247
3 7379
2 9971
1 7185
1 6186
1 5128
1 8997
1 1421
2 9059
4 9716
1 7855
1 9294
1 6159
2 9365
1 6450
3 9516
1 6686
1 8588
1 7136
3 7754
1 5804
1 8147
1 6258
1 31
1 4255
3 9658
3 9091
2 8167
1 7029
1 6399
1 128
1 7091
1 1690
1 7127
3 8281
1 670
2 8706
1 8886
2 8054
3 8100
2 9569
4 9645
3 8348
3 9624
1 9678
3 7442
1 4148
2 9819
2 9363
1 1494
2 8752
3 8883
1 7123
2 9924
3 9743
1 4772
1 1668
3 8209
1 8489
1 9060
3 7967
1 7249
1 8768
1 9140
3 8383
1 4432
1 7346
1 4258
1 1221
2 8210
1 6017
1 4210
3 8652
1 4794
1 4676
3 8147
3 9456
2 9072
3 8121
3 9119
3 7412
1 4881
1 963
1 189
1 1003
1 8336
2 8939
3 9842
1 4249
2 9716
1 5510
1 9161
2 9683
1 4242
1 4914
1 275
1 4239
3 8836
1 5146
1 1607
1 5433
3 9403
1 9774
2 9472
1 7730
1 6360
1 6972
3 9103
2 9211
3 9869
2 8820
1 8533
2 8470
1 9592
1 5067
1 9305
1 6076
1 8250
3 7285
1 5950
1 9383
3 7334
3 9387
3 8245
1 958
1 5434
2 8580
4 9711
2 8806
1 6426
3 8341
1 7290
1 8513
1 4240
1 7952
3 9999
1 1318
2 9715
1 93
2 9950
1 5068
3 9832
3 8558
1 8796
1 7806
1 771
1 1625
3 9952
2 8625
3 9863
1 7900
1 9403
1 6554
1 4218
1 8795
1 160
2 8477
1 7155
1 5262
3 9218
1 491
1 5772
1 6792
3 7291
1 8066
1 928
1 4675
3 9332
1 7393
2 8658
2 8864
2 9888
3 7248
1 4351
3 7370
1 6769
2 8596
1 5045
1 7680
3 9792
1 8750
1 4004
3 9497
3 9132
2 9979
2 9102
2 8877
1 1191
1 6000
2 8402
1 7333
1 558
3 9892
1 6521
2 9639
3 7748
1 8711
4 9894
2 8252
1 4897
3 7339
3 9274
1 4976
3 7487
3 8685
1 9209
2 8545
1 474
1 5351
2 9122
1 6793
1 546
1 7861
3 9625
4 9905
1 8507
3 8229
3 7450
2 9026
1 7481
3 8713
1 321
3 7268
2 8536
3 8434
1 5668
1 297
1 8529
1 52
3 9702
1 694
2 9457
1 5601
3 9704
3 9417
1 6458
3 7477
1 5444
2 9300
1 8224
1 9210
1 5283
1 5594
1 634
2 8474
3 7364
1 1501
3 8540
1 5761
1 4882
1 7675
2 9800
3 7901
1 9691
3 8840
2 9959
1 7598
3 9684
1 349
1 4988
2 8237
1 8824
3 9816
1 5410
3 8732
1 7611
1 6998
3 9453
3 7779
2 9440
1 9182
3 7255
2 8747
2 8388
1 4892
3 8008
1 1287
1 1348
2 8306
1 7216
1 4559
3 7461
1 1296
3 7958
2 9961
1 6704
1 4557
1 147
2 9117
1 5414
3 7462
3 7463
2 8912
1 9461
1 8719
1 6138
3 9520
1 6643
2 9467
3 9179
1 6343
2 8541
1 8715
3 7453
3 8771
3 9149
3 9756
1 4303
1 4960
2 9251
1 8013
1 9045
1 1682
1 7429
3 8620
1 5760
3 7990
1 6038
1 401
1 6597
1 9100
1 4727
1 8345
4 9865
1 9141
4 9980
1 5839
1 5234
1 249
1 1127
3 7931
2 8954
1 1255
1 5682
1 1018
1 4297
2 8809
4 9797
3 8643
3 7792
2 8873
1 8356
1 4184
1 898
3 9806
1 1552
2 8645
1 7042
1 8649
3 7831
1 9953
3 7486
1 5421
3 9008
1 5620
3 9572
1 446
1 9019
3 7634
1 7415
3 8482
1 4735
1 7937
3 8071
1 9493
1 756
1 9470
1 6585
1 5827
3 7484
1 4692
2 8931
3 8166
3 9352
1 7228
1 4317
1 8067
3 8934
2 9995
1 8072
1 1339
3 9977
3 8638
1 5505
2 9009
2 8439
1 8690
1 1271
1 6444
2 9958
1 4234
2 8242
3 7930
2 8348
1 8397
1 9152
1 5550
2 8319
2 8293
3 8999
1 5592
1 7336
2 9513
3 9611
1 6906
3 9088
1 878
2 8170
3 8786
1 1675
1 7234
1 8540
2 8922
1 4785
1 6811
2 8441
1 1699
1 89
1 8049
1 5820
1 5802
1 1650
1 6029
3 9647
3 8253
2 9068
2 9282
1 9257
1 8358
1 6710
1 870
1 9071
2 9997
1 7898
1 4724
1 9631
1 7628
3 9480
3 7673
2 9179
1 6204
1 3998
3 9538
2 9936
1 313
3 8472
1 7087
2 9484
2 9544
1 5959
1 9943
1 7712
4 9796
1 8954
2 8678
1 5085
3 8412
3 7347
1 5523
1 8864
1 4146
3 8312
3 8202
1 6158
1 7905
1 5092
1 5005
3 9483
3 9787
1 9896
1 1397
1 5415
1 40
3 7949
1 9985
1 5102
1 4119
1 6368
1 5343
1 4256
1 9253
1 7021
4 9998
3 7586
1 4327
4 9764
3 9629
3 8931
1 7230
3 9074
1 6770
3 7367
1 588
1 9850
1 918
1 213
4 9695
3 9320
1 5086
1 9681
3 9831
3 9223
1 5281
1 8025
1 7367
1 1319
1 5451
4 9899
1 8394
1 9808
2 9709
2 8712
2 9694
1 8281
1 8113
1 4454
1 1383
2 9978
3 9308
2 9420
3 9485
3 7606
1 5832
2 9089
1 1009
1 5961
2 9426
2 9355
1 1087
1 4246
1 6439
1 9256
1 6027
1 5084
1 591
3 8812
3 7818
3 8531
1 1341
2 8577
1 7531
3 9922
1 9314
1 367
2 8985
1 5948
3 7821
3 7888
1 4098
1 7317
1 442
1 7749
2 9981
1 4104
1 9056
2 9550
1 6489
1 7719
1 164
2 8417
1 284
1 5847
1 1199
1 7572
1 7695
3 9093
3 7494
1 6387
1 4231
1 8418
3 8712
1 899
1 9947
1 8596
1 8980
1 1434
1 4408
1 732
1 5819
1 6024
1 4336
2 8687
1 327
2 8255
1 8580
1 5260
4 9659
1 7618
2 8222
3 8315
3 9733
1 9905
2 9390
3 8904
1 5929
1 14
3 9423
1 1223
3 7786
3 9857
1 4420
1 6172
1 7301
1 6293
2 8943
3 9763
2 8866
1 5517
2 8468
1 4998
2 9289
3 8256
1 4824
1 9676
1 900
1 5983
1 4363
1 7808
3 9812
2 9042
3 8037
1 537
1 4309
2 8647
3 9097
1 112
3 8027
1 466
1 6484
1 9016
3 9500
1 4083
2 9960
1 1065
1 4781
1 4604
3 8995
1 7514
1 4705
2 8584
1 1406
3 8825
1 1027
3 9780
1 5644
1 6497
1 7326
1 6322
3 8017
3 7355
2 9486
3 8873
1 5441
2 8826
1 8360
3 8688
2 8896
1 648
1 1005
3 7363
3 7902
1 9473
1 6161
1 8499
1 1148
1 6774
1 5284
1 8329
1 8422
2 8290
1 6378
3 8045
3 9848
3 8074
1 5722
1 8862
1 6507
1 80
1 1280
3 9035
1 6308
1 1616
1 8242
1 7009
4 9886
1 6512
2 9227
1 1612
1 5777
1 6626
3 9136
1 5618
3 9372
2 9400
2 8563
1 7412
1 811
1 7392
1 5642
1 5736
1 5491
1 7270
2 8756
1 1089
1 6086
2 8174
1 8877
2 8370
2 9728
1 8163
1 8777
2 9517
1 1220
2 9736
2 9919
3 8859
2 9253
3 8200
3 9930
1 178
2 8458
1 94
1 5563
1 7710
1 9250
1 6066
1 5479
1 5575
1 5923
3 8089
4 9941
1 6572
1 8932
1 5144
3 7966
1 9178
1 7596
1 784
1 4163
1 5129
1 5964
1 4335
1 5755
2 8677
1 408
2 9358
3 7849
3 7159
1 6130
1 8643
3 7713
3 8909
3 9529
1 8966
4 9793
1 4968
1 8001
1 403
3 8723
3 8544
1 658
1 8457
1 8069
3 9983
3 8796
3 8219
3 9613
1 7079
1 738
1 4689
1 908
1 9499
1 7000
1 7632
1 232
1 4826
1 7453
1 9120
2 9462
1 9837
3 7573
1 5383
1 9846
1 8445
1 7734
3 8767
1 7019
3 7160
2 9165
1 5743
1 7108
3 7908
3 8180
1 4263
1 597
3 7597
2 8869
1 8313
3 7780
1 4288
1 5065
1 8460
2 9461
1 5270
4 9957
2 8780
3 8958
1 279
1 7011
3 9565
1 5842
3 8091
1 5072
1 4143
2 9421
1 7010
3 7895
3 8903
2 9926
1 1174
3 9400
2 9651
3 8057
3 7166
1 4286
3 9261
1 9983
2 9243
1 4803
1 9135
1 4943
3 8034
1 6396
1 7880
3 9591
1 6579
1 6133
1 5132
1 8792
1 5338
1 8131
3 8650
1 810
3 8432
1 9130
1 5869
3 9651
3 8642
1 1343
1 9912
1 9990
3 9728
2 9442
3 7472
1 5522
3 9934
1 7863
1 7397
1 998
1 5404
3 9991
3 7451
1 8809
3 8396
1 4688
2 8189
1 6316
1 9390
1 1266
3 7348
1 148
2 9017
1 9510
1 9970
1 7476
1 5717
1 7023
1 6430
4 9623
1 988
1 42
1 7186
1 981
1 5699
3 9213
1 6514
1 4164
1 5709
1 602
1 5906
1 6164
3 8570
3 7668
1 4586
1 372
3 7793
3 9481
1 8051
1 5504
1 7865
3 8101
1 1370
1 9700
1 8170
1 8018
3 7640
3 9243
1 8845
1 6311
2 8357
1 6625
1 1170
1 7378
2 8990
1 6584
1 5881
2 9002
1 4555
3 9498
3 8937
1 624
4 9787
1 5256
2 9661
1 7300
2 9546
1 4546
1 9560
3 8288
1 9755
1 8938
1 1159
1 4338
3 9061
1 9159
1 8884
3 9633
3 8073
2 9204
1 5120
1 9452
1 8656
2 8480
1 328
3 8143
1 8480
1 4846
4 9870
1 8878
3 8948
1 6611
1 348
3 8512
3 7246
1 7283
1 6413
3 9914
1 6423
4 9946
1 5097
2 8783
3 8377
1 5908
1 7484
4 9758
3 8633
1 4276
1 29
1 9378
1 7540
3 8399
3 8265
3 7401
2 9538
1 4579
1 4564
1 7600
3 8792
1 7292
1 4703
1 105
3 7436
1 4552
3 7315
4 9993
2 9051
1 8321
3 8758
1 6703
3 9446
1 5206
1 4580
1 1156
1 1684
1 752
1 7431
3 9240
1 1011
1 5259
3 8131
1 386
1 9640
1 9283
1 7744
1 4926
1 7257
2 9181
1 9270
3 8551
1 6198
1 5087
2 8333
1 6118
1 286
1 1627
2 9182
1 1264
1 4285
3 8004
1 8153
2 9136
1 4149
3 8759
1 5499
4 9760
1 8237
1 7922
1 4135
1 6735
3 7784
1 5468
3 7528
1 6150
1 4674
1 1093
2 9896
1 134
1 5693
3 9327
1 1452
1 7903
1 9988
4 9919
4 9722
1 7995
1 8812
2 9439
1 489
2 8761
1 4439
1 421
1 5372
1 7243
2 9843
2 8352
3 8427
3 9124
3 8694
1 1117
3 9528
1 8854
1 8162
3 7221
1 5221
3 8451
1 5247
2 8445
1 9523
1 4223
1 4714
1 8568
3 8503
3 9504
1 7088
3 7257
1 9370
3 8464
1 7599
3 7337
1 893
1 5000
1 9841
3 9590
1 4704
3 8695
1 1234
3 7876
1 5781
1 4650
2 9969
3 9634
2 9040
2 9656
1 22
3 9478
3 9357
1 6054
3 8296
4 9979
1 7613
1 4547
1 828
1 1183
2 9953
3 9825
1 4671
1 4921
2 8973
1 5648
3 9447
1 7203
1 6277
1 8042
1 7866
2 9664
3 8248
1 7093
1 8046
1 8027
1 1063
1 6166
1 7435
3 8426
1 53
1 7688
1 9125
1 4424
1 4340
3 8478
4 9902
1 1460
1 5756
1 1033
4 9622
1 835
2 8776
4 9709
3 9419
2 8627
1 8288
1 4464
1 6157
3 8817
1 1553
1 9296
3 7909
1 35
3 8488
3 9823
2 9754
3 7614
1 7439
1 639
1 1498
1 4621
3 8845
3 8277
1 4414
1 8566
4 9915
2 9725
3 7699
1 6688
1 8851
3 8059
2 9947
1 7129
3 8752
1 6287
1 1448
2 9612
3 7256
1 5617
1 9512
3 8579
3 9896
1 180
1 9658
1 5297
1 5440
1 195
1 7670
1 4607
1 4947
1 220
1 9926
1 8263
1 5334
1 5997
2 9657
1 6303
1 8751
1 8373
4 9969
2 9027
1 9165
1 5466
1 7438
3 8575
1 4191
1 9910
1 9343
3 9190
1 4224
1 4611
1 5366
3 8657
2 8513
1 1576
1 5737
1 9976
1 8629
4 9637
3 8018
1 4313
4 9667
1 7466
4 9727
3 8963
1 1689
2 8181
1 4553
1 6753
1 1019
3 7541
3 8765
1 4677
1 8124
1 7969
3 8610
1 1163
3 8465
1 6336
2 9880
3 7147
1 1674
1 6318
1 4793
2 9454
1 5445
1 936
1 5025
3 9692
3 8258
3 8821
2 8209
1 7032
1 122
1 6018
1 852
1 4837
1 8644
1 9588
2 8168
1 4342
3 7388
1 1324
1 6636
1 9416
2 9764
2 9413
4 9916
3 7559
1 8734
1 6014
1 5453
1 617
3 9406
1 6031
3 9746
1 4170
2 9357
1 8365
1 8231
1 565
1 5431
1 7836
2 8530
3 7666
2 8886
1 218
2 9490
3 8284
1 5909
3 9665
1 4124
1 8369
3 7834
1 4934
2 9147
1 896
1 8038
1 5664
1 782
1 7500
2 9668
1 8522
1 9008
3 8569
1 5705
3 7273
2 9368
3 9175
1 6253
1 4403
1 8645
1 1432
1 1544
3 8858
1 8614
3 7533
3 9461
1 7736
3 9882
2 8473
1 4292
1 1378
1 6501
3 8261
2 8212
1 6677
1 9297
1 4984
3 7706
1 9318
1 8985
1 7966
2 8462
3 8163
1 7624
1 4594
1 5014
3 9604
2 9366
1 6455
2 9050
1 5380
1 9589
2 9512
1 7225
1 7102
1 5828
2 9646
3 7656
4 9633
1 1188
1 7049
1 6851
3 9472
1 7165
1 964
3 8262
1 4330
1 4196
1 1007
1 5392
1 258
1 4866
1 4161
1 5054
1 5720
3 8992
1 1193
1 9660
2 9705
1 1281
3 7820
2 8738
1 6627
1 7164
1 8733
1 895
1 910
1 7986
3 9487
1 4158
3 7555
3 8714
3 7314
1 8441
3 7689
2 8995
3 8541
1 7832
1 5113
1 1648
1 9506
3 7933
3 7814
1 5990
1 7064
3 7521
3 8518
3 9209
3 7932
1 8015
1 4920
1 4978
1 5597
1 8846
1 7575
1 8298
3 9507
1 5252
3 9135
1 132
1 7563
2 9870
2 8979
1 4928
1 21
3 9688
1 1278
4 9691
3 9394
4 9975
1 9604
1 4195
1 736
1 5233
1 7977
3 7880
1 3984
1 9228
2 9208
3 8908
1 6315
2 9508
3 8682
1 7535
1 8390
3 7850
1 7821
3 9821
2 8920
1 7948
1 4360
3 7648
4 9762
3 9154
1 1457
1 241
1 4542
1 7339
3 9467
1 8800
3 9157
1 6465
1 28
2 8959
3 8196
3 8577
3 9912
1 9975
1 9687
2 8832
1 9825
1 9989
1 5294
3 7768
3 7799
1 1226
1 192
3 9412
2 9202
1 6113
1 4177
1 8414
1 5871
1 6642
1 8386
2 9895
1 7656
1 8198
2 8700
2 9543
1 4643
1 6578
1 595
2 8749
3 8297
1 1666
1 9052
3 9431
1 1157
2 9954
2 8799
3 9681
1 7788
2 9702
1 4619
2 8456
1 5795
3 8819
3 7506
3 7864
1 8853
1 4967
1 8087
3 9938
3 8251
1 8206
1 5578
3 8576
1 5674
1 9241
1 9703
4 9864
1 8700
1 4401
1 9437
2 8589
1 1462
2 9301
1 5733
1 808
2 8511
1 7116
1 9445
1 8439
3 9295
2 8957
3 9113
2 9597
1 4844
1 1152
1 4203
1 8740
3 8474
1 1429
3 8967
1 4512
1 9639
3 8749
3 8879
1 4693
1 439
3 8351
1 8126
2 9998
3 8153
2 9223
3 9559
1 5987
1 5924
1 7524
1 8317
3 8998
1 6561
4 9820
1 6754
3 9648
3 7493
1 6364
3 8515
3 7393
2 8709
1 6317
1 6537
1 43
3 7737
3 9843
1 5052
3 7847
3 8193
1 5660
4 9835
1 4480
1 8259
2 8183
1 7084
1 4350
1 1644
1 4395
1 7934
1 7646
3 8814
1 7536
1 9041
3 9067
1 5520
3 8179
1 5331
1 7188
4 9705
1 6541
1 334
3 7922
3 8175
2 8442
1 101
1 7859
1 879
4 9698
1 6156
1 4585
1 5911
3 8032
1 6060
1 5606
3 9749
3 9073
1 6071
3 9416
3 8339
2 9587
1 9762
4 9934
1 7759
1 7131
1 9928
1 4627
1 4907
3 8990
2 8651
1 8524
1 7282
3 9664
3 7773
1 238
1 1325
1 4896
3 7965
1 6615
3 9353
1 5965
1 5687
1 8941
4 9619
1 4257
2 9197
1 9711
3 8097
1 830
3 9925
1 5308
1 743
1 9310
2 8424
1 9076
1 1614
1 4632
2 8570
1 657
1 8857
1 6203
3 8216
1 6323
1 6114
3 7824
2 8936
3 7501
4 9785
3 7400
1 556
2 9104
1 9965
1 268
1 63
1 9331
1 7513
2 9788
1 5612
1 5390
1 4513
3 7228
1 6121
1 8498
2 9215
1 590
2 8356
1 5442
1 174
2 8603
1 9884
1 7818
1 8788
1 6908
1 5540
1 4889
2 9515
3 8371
1 1109
3 8457
1 7724
1 9424
2 9131
1 7133
1 1008
1 4173
3 7298
3 8417
2 9647
1 635
3 9429
1 8096
1 9530
1 8927
3 9292
2 9536
1 4374
1 9890
3 8839
1 66
1 7609
1 9211
1 1570
2 8962
1 1259
2 9869
3 8473
3 8026
2 9497
1 8837
1 9951
3 9884
1 7517
1 4522
1 5112
2 8369
1 9805
1 8915
1 9172
4 9868
3 8510
1 6003
3 9367
3 9210
1 8104
1 469
2 8343
1 612
3 7230
1 7322
1 1436
1 8509
1 7565
1 4109
3 8972
1 9917
3 8863
1 6247
3 8719
4 9836
3 7829
1 5009
2 8422
1 4145
3 8308
2 8449
1 8187
1 4388
2 9274
1 9978
2 8362
3 9125
3 7243
1 9590
3 9580
1 5264
1 8873
1 9543
3 8794
1 5076
1 539
3 8811
1 7263
1 8485
2 9782
1 8545
2 9470
1 6248
3 8639
3 9543
1 9072
3 8500
1 550
3 9098
3 8395
1 9697
1 9111
1 485
2 8228
2 9380
4 9735
3 7534
1 570
3 8461
1 6549
3 8450
1 8136
1 476
1 6488
1 8209
1 8808
1 6370
3 8214
1 4830
1 1540
1 8543
1 1714
1 9787
2 9237
3 7550
3 8627
1 7533
2 8785
1 5263
3 9139
2 9932
1 6358
1 9203
1 1711
3 8849
1 7562
2 9868
1 7768
3 7600
1 4660
3 7670
1 8617
1 5116
4 9939
1 4919
3 9950
3 7469
1 8918
2 8794
1 9300
1 8774
1 5979
3 9716
1 816
2 9499
1 24
1 1016
1 9558
1 5422
3 8368
2 8518
2 8267
1 1189
2 8602
2 8862
3 8236
1 9815
3 7978
1 7803
3 9968
1 416
2 9853
4 9648
1 7746
1 8062
1 1372
2 8497
1 8773
3 7184
1 5764
3 9566
3 7625
3 7353
1 6275
1 9924
1 6815
2 8674
1 1126
3 8618
1 8578
1 9117
1 7062
2 9637
1 7683
1 8765
1 7099
3 9379
3 9865
3 9245
1 1034
1 5765
1 5161
1 5791
1 48
1 8364
3 9841
3 8223
2 8466
3 7751
1 728
1 5822
1 6384
2 8331
3 8168
1 9414
1 1568
1 287
1 5892
1 804
1 5650
1 1483
1 9438
1 7267
1 9651
1 8440
1 4514
3 9106
1 9430
3 9082
3 9249
3 7918
2 9189
2 9061
1 8129
1 7350
1 5874
1 9429
2 8694
1 9237
4 9712
3 7133
1 6072
2 9477
1 8894
1 1618
3 9158
3 8313
1 4901
3 9779
1 8220
2 8572
1 8699
1 6694
4 9876
1 5807
3 9961
2 9475
2 8923
1 9621
2 9671
3 9603
1 1667
3 8484
1 6817
3 8025
1 789
2 9163
2 9234
1 6592
1 4456
3 8975
1 4972
3 8441
3 8906
1 564
2 8435
2 8965
1 868
3 7892
3 8517
1 4717
1 6720
4 9989
3 8802
1 6522
1 9348
3 8460
1 6763
3 9859
1 1658
2 8215
2 9260
1 7275
1 8179
1 8434
2 8976
1 7027
2 9377
3 9144
1 7327
1 9769
2 8156
1 121
1 7814
1 5397
1 1196
3 9568
3 9597
2 9393
1 5703
2 9084
1 7334
1 798
1 5632
1 922
2 8748
1 7604
1 765
1 5374
1 9490
3 8547
1 5978
3 8628
1 6255
1 9789
1 9633
3 9797
1 9441
3 9695
2 9514
1 88
3 7856
2 8590
2 8425
1 5903
1 1608
1 9955
3 7330
2 8243
1 7772
4 9748
2 8624
1 5972
3 8237
4 9973
4 9632
1 1130
1 7433
1 8904
1 6671
1 818
3 9065
1 8829
1 541
1 7961
1 8055
1 757
1 929
3 9532
1 7878
1 5673
3 9601
2 8966
1 8028
2 9347
1 1647
1 832
1 7343
2 9631
1 559
3 8303
1 4180
2 8586
3 9761
4 9798
2 8322
3 9945
1 5439
1 824
4 9937
3 9751
3 8492
1 9278
2 8276
1 8375
1 5970
3 8837
1 1491
1 6331
2 9787
1 4484
3 9533
1 850
1 8820
3 9421
1 5884
1 6249
1 443
2 8635
2 9691
4 9854
3 8649
3 8641
2 8849
1 1543
2 9632
3 7279
2 9175
1 977
1 8047
3 8485
2 9447
1 5625
2 9058
1 9661
2 9278
3 8665
3 9615
3 9384
2 8347
1 8041
1 9977
1 1671
1 9885
2 9620
3 9000
1 7197
3 8634
1 4204
2 9177
1 9313
1 5574
1 7979
1 219
3 9880
2 9502
1 1095
3 9775
2 9046
1 5136
1 951
1 9626
1 5481
1 5677
1 7313
3 7254
3 7644
3 7884
1 1376
2 8671
2 8787
1 8830
1 4499
4 9789
2 9529
1 353
3 7169
2 9687
3 8136
2 8620
3 8597
1 5748
1 9142
1 5560
2 8639
4 9923
3 7182
3 9365
2 9823
3 8373
1 350
1 7532
1 6295
1 7440
1 8683
1 5222
1 6216
3 8182
1 9709
3 7685
1 1369
1 7867
1 7366
1 9062
4 9927
1 6176
1 7209
1 7370
1 7810
1 9993
1 5637
1 1338
1 389
2 8566
1 5702
1 4563
3 8275
3 7174
3 8721
1 1048
3 8311
2 9745
1 1187
1 9234
1 5844
1 5556
1 7906
1 9222
1 1077
1 6757
1 5280
1 8077
1 5989
3 9003
3 7495
1 8756
3 7647
1 7353
1 1062
3 9070
1 7418
1 5476
1 5975
1 5359
1 9708
1 495
1 5838
1 8366
1 6085
1 5525
2 9693
1 5155
2 8713
1 9608
1 9957
1 7953
3 7683
2 9860
1 7787
3 7547
1 1064
1 1427
1 592
1 8775
2 8977
1 267
3 7620
1 7314
1 1391
2 8069
1 4115
1 7892
4 9849
1 9477
4 9662
1 9730
2 8265
4 9707
1 5627
1 8695
4 9966
1 9413
1 1133
1 5719
1 5253
1 6593
1 8558
1 4738
1 7902
1 7805
1 1619
1 7424
1 6745
1 679
1 6435
1 7037
1 6580
3 8286
1 7938
1 1556
1 5355
1 1053
1 5320
1 7179
3 7302
3 9409
1 7494
1 7112
1 7828
2 8486
1 7503
1 9914
4 9963
2 8302
1 7510
4 9666
3 9777
1 5429
3 8733
3 8122
3 8826
1 1140
1 7425
1 7342
3 9623
1 6285
1 6095
1 4473
3 7156
1 8956
1 8902
1 8991
1 9629
1 923
2 8991
2 9619
3 8305
1 9713
3 7245
1 7577
1 8999
3 8413
3 7838
2 9878
1 5004
3 7616
1 633
4 9739
1 7527
1 6345
1 1664
3 8138
2 8775
3 7553
1 4716
1 9616
1 9735
1 7668
1 9086
2 9567
1 4479
1 7407
2 8612
1 8116
3 8082
1 7206
3 8709
4 9680
3 7642
1 5046
3 8784
1 4296
4 9843
1 4140
3 8523
1 9158
1 4503
1 7747
1 8693
1 4369
3 9795
1 7279
1 5104
1 7924
1 1686
3 7520
1 6603
2 9524
3 7513
1 7671
1 7493
3 7288
3 9878
1 7406
1 5489
1 5420
4 9887
1 5639
3 9748
1 5008
1 9077
3 8241
1 9328
3 8986
1 583
3 7271
1 142
1 8564
4 9974
1 638
1 8235
1 310
1 8801
1 8121
1 5773
2 8763
1 5168
1 6666
1 5287
2 9032
1 6075
1 661
1 890
1 802
1 9719
3 9875
1 7699
1 8771
1 1261
3 7247
1 867
1 161
3 8230
1 6442
3 7576
1 7720
1 6235
1 9395
3 9027
1 9171
3 9107
1 9225
1 6202
1 6445
1 5365
1 20
1 1300
1 4467
2 9161
1 9168
1 4127
1 5261
3 7698
1 702
1 8490
2 8224
2 8436
3 7399
1 7030
1 5169
1 1560
2 8476
1 9023
2 8608
1 1493
3 8365
1 4761
1 5803
2 8366
1 5467
4 9717
1 6487
1 6491
3 8188
2 9795
3 8118
1 889
2 9414
1 4657
1 7193
2 8520
3 9569
4 9713
1 4485
3 8052
3 8564
1 5316
1 6023
3 9306
2 8213
3 8496
1 5188
4 9859
1 7086
1 6803
1 8266
1 5273
1 9363
3 9360
2 9653
1 6729
2 9387
1 5636
1 9959
1 569
1 9715
1 7661
1 7967
2 9348
4 9841
1 4809
3 7253
1 6637
3 8672
1 9898
1 4877
1 5916
1 7146
1 417
3 9523
2 9045
1 1450
1 682
1 125
1 6266
1 7286
1 9307
1 6043
2 8902
1 600
2 8727
1 8520
3 7313
1 8189
3 8800
1 9517
2 9956
1 7640
1 5864
3 8141
1 4488
1 5080
1 9674
3 7405
1 5834
3 8359
1 6149
1 6531
1 5716
2 9292
3 7837
1 9725
2 8281
1 9013
3 7220
3 7198
3 8020
2 9203
1 4615
4 9881
1 8248
2 8660
1 6263
1 7428
1 9103
3 9312
2 8451
2 9834
3 8442
1 9467
1 5900
2 9704
1 5358
1 7110
1 4487
1 150
1 5669
3 8816
2 8355
2 9570
1 8002
3 7809
3 7303
3 7791
1 992
2 8673
1 7845
3 7127
3 8044
1 512
1 7219
3 8346
3 9807
1 8911
3 8119
3 8041
3 9126
1 7774
1 5883
3 9671
3 9370
1 7617
1 1438
1 645
1 9423
4 9874
1 892
2 9583
3 9116
2 9286
3 7270
1 5825
1 1013
1 7576
1 5932
1 475
1 5396
2 8975
1 9649
1 9450
3 8222
2 8887
1 7909
3 7251
3 7964
1 393
3 9156
1 1135
1 7672
1 8339
1 535
3 9214
3 7707
1 4622
3 8703
1 4468
1 6675
3 7444
2 8488
4 9649
3 8613
2 9098
2 8861
1 8192
1 5325
2 9219
1 4213
4 9765
2 8532
1 9843
3 8848
1 8478
1 8977
3 9682
2 9270
2 8850
1 1103
1 7726
1 522
2 8655
3 8871
1 1419
2 8807
3 7870
1 1545
1 1476
1 6123
1 1185
2 9630
1 1124
1 7118
2 8656
1 5157
1 4909
3 7391
1 251
1 4758
1 4819
1 55
3 8692
4 9877
2 9287
3 9203
2 8927
1 5926
2 9520
1 3993
3 8170
3 8477
1 4700
2 9298
1 4274
1 7694
3 8087
2 9859
1 4025
3 8772
3 7661
1 7735
2 8828
1 70
2 8663
3 7940
2 8974
2 9667
1 4421
3 7828
2 9627
3 9736
2 8208
3 7697
1 7729
1 814
1 4504
1 315
1 4610
1 8521
3 8977
1 7194
4 9684
1 8592
1 4752
1 9659
1 4706
3 8867
1 4187
3 7741
1 504
1 620
4 9882
1 6280
3 8573
3 9776
2 9086
3 7979
2 8579
3 9915
1 9997
1 5798
2 8240
1 5307
1 8384
2 8432
2 9207
2 9427
1 4661
1 6325
1 9223
1 5566
3 9084
1 783
2 9599
3 9564
3 8035
1 7389
1 4986
4 9635
2 8573
1 5787
3 8725
2 8420
1 8433
4 9639
1 5551
1 722
1 7548
1 9017
3 9995
1 4113
1 7363
3 7755
3 8741
3 9592
1 6409
3 8331
1 1361
3 7927
1 7414
1 6576
3 8126
1 338
1 9656
1 5602
1 7526
1 7731
1 9496
1 7641
1 1428
1 6091
4 9988
1 9561
2 9910
1 7858
1 9179
2 9356
1 9392
1 9497
1 959
2 8221
1 762
1 4295
1 5631
1 4440
2 8269
1 6669
1 6467
1 1358
1 855
1 6746
2 8399
1 9087
1 724
1 1712
2 9031
2 8576
1 6559
3 8393
1 9217
1 7398
1 4238
1 4125
1 4232
1 5219
3 7778
3 9110
1 1171
2 8268
2 9130
1 675
1 9813
2 9714
1 8218
1 9746
1 9776
3 8681
1 8912
1 4111
1 5576
1 8844
3 7346
1 5394
1 7673
2 9481
3 9693
2 8567
1 7302
3 8398
1 746
2 9354
3 7173
1 8271
1 8651
1 1424
1 8164
3 7177
1 5314
2 8980
3 7785
1 9036
1 1385
3 9747
1 5225
1 8204
1 646
3 7996
1 5229
2 8522
1 6391
3 9745
2 8336
3 8093
2 9877
2 9685
1 9043
3 7468
1 9235
1 5341
1 6082
3 9146
1 7132
3 9459
2 9973
4 9624
3 8489
3 7733
1 1701
3 7151
1 772
3 7710
1 7614
3 8270
1 7048
3 9131
1 9863
3 8761
2 9662
1 5899
1 459
1 6267
1 8058
1 8139
1 7020
2 9530
1 8587
4 9636
1 6239
3 9458
3 9774
1 9148
1 6092
4 9658
1 4832
3 7907
3 7894
1 4405
1 6980
1 4764
3 7558
1 4099
1 1236
2 9505
2 9349
2 8613
2 8623
1 1413
2 9180
1 5958
1 991
3 8813
3 9707
1 4202
2 8246
1 8816
1 4801
3 7341
1 8312
3 7129
1 8586
1 5184
1 6124
1 8962
1 8825
2 9446
1 8823
4 9918
3 7306
1 5890
1 304
1 6418
1 8181
1 7082
1 8372
1 4843
1 6784
1 1550
1 4996
1 96
1 8834
1 7717
2 9443
3 9026
3 7431
4 9730
1 9737
4 9826
1 7784
1 7733
3 7900
1 9301
3 7148
1 4875
3 9638
1 7320
1 1257
2 9083
3 9744
1 8979
1 1070
1 4100
1 8168
1 9754
2 9952
2 9560
1 6760
1 1273
2 8859
3 9917
1 6697
1 9287
1 6765
4 9824
1 557
1 5408
3 8116
3 8710
3 7447
2 8684
1 748
2 9699
3 8846
1 4815
3 7722
3 8979
2 9346
1 113
4 9810
3 8323
1 8420
2 9277
1 9607
1 930
1 9407
4 9926
3 9121
2 9678
4 9643
2 8558
1 4811
1 7620
1 5676
1 8735
1 9620
3 7282
2 9711
1 6431
1 857
1 6243
1 8401
1 5626
1 5278
1 109
3 7349
1 6223
3 9683
1 405
3 9876
3 8603
3 7274
1 9954
2 8757
3 8165
3 9627
1 6623
1 9009
1 1537
1 9069
1 6813
2 9162
1 4291
3 9324
1 5750
3 8664
1 6532
1 9752
1 519
1 1451
1 5393
2 9392
1 7817
1 9918
3 7719
1 9570
1 8003
3 8965
3 7419
2 9697
1 6367
1 7991
1 9784
1 4973
1 7345
3 9336
2 9915
1 8835
1 7175
1 8469
1 6262
1 468
1 6169
1 6562
1 7792
3 9822
1 7501
1 4417
3 8857
1 644
3 8875
1 462
3 9014
2 9321
2 9297
1 5457
1 8953
3 9339
1 6504
1 7247
3 8565
2 8634
1 8251
1 5064
2 8457
2 9339
1 6568
1 5976
1 8012
1 4739
1 1190
1 9058
1 8252
1 990
3 9266
1 9482
2 8187
1 1582
1 5930
2 8297
1 5604
4 9823
1 1168
3 8048
1 1565
1 8770
3 9152
1 205
3 9994
1 847
1 4178
1 6739
3 9220
1 4913
1 9277
1 4423
1 874
3 8971
1 5628
3 9058
2 8681
3 9427
1 7451
1 4927
1 9051
1 6714
3 7953
1 1465
1 5488
3 9127
1 4319
3 7628
3 8309
1 6519
1 931
3 9687
2 8499
4 9759
2 9625
1 584
1 5786
1 912
3 8458
1 685
4 9884
1 6338
1 1143
1 9279
1 5553
2 9116
2 9006
1 5231
1 9729
1 365
1 4475
2 8165
3 9753
1 7141
1 8865
3 9029
2 8200
1 845
1 316
2 9323
3 8085
1 8000
1 6802
2 8076
2 9410
3 9155
1 7471
4 9629
1 7612
3 7390
1 1603
1 6629
1 9207
1 9886
2 9549
1 4368
1 4777
1 1665
1 1203
3 7637
1 5166
1 7479
1 1377
1 4329
1 5304
1 431
1 8755
1 7298
1 8269
3 9143
3 9420
2 9778
2 8414
1 8156
1 5799
1 5907
1 4166
1 6379
1 8294
1 8334
1 5212
3 8678
1 5706
3 7939
1 8577
3 8640
1 4784
3 9163
2 9312
3 8301
1 8847
1 5695
2 8393
1 9615
3 8197
1 493
1 5277
1 1028
1 5686
1 9667
1 5936
2 9673
1 4331
1 9230
1 4133
1 8557
3 8756
3 9279
4 9697
3 9833
2 8782
2 9827
3 7204
3 7974
1 4312
2 8879
1 5879
2 9455
1 1521
2 8724
1 4697
1 9444
3 7396
2 8514
2 8543
1 6152
1 8822
1 9026
1 5955
2 9158
3 7572
3 9676
1 8949
1 6142
2 8729
3 9781
3 9587
1 9586
1 7335
1 4381
1 9514
1 846
2 8568
3 9321
2 9290
1 1505
1 1326
3 9013
1 5197
2 8878
3 7196
1 5346
2 8504
1 933
3 9752
1 4490
3 7883
1 6475
1 8850
1 5888
4 9928
1 8892
1 5106
2 9735
2 9734
3 8019
1 7151
1 6001
1 8663
1 9740
1 7711
4 9618
1 9261
1 7745
3 9002
1 7844
4 9687
1 9315
1 6028
2 8421
1 6222
3 8294
3 8820
1 9838
1 200
1 8746
2 9172
1 8692
1 1516
3 9040
1 6261
1 4748
4 9830
1 9509
2 9381
2 8363
1 57
1 8203
2 9099
2 8591
1 8481
1 8607
3 7237
3 8300
1 6134
3 9192
1 1344
