5430 33
5722 34
5758 121
5204 158
5195 72
5263 76
5340 109
5769 72
5914 144
5128 36
5184 57
5154 208
5733 122
5500 19
5643 62
5344 72
5561 136
5601 19
5397 144
5370 149
5521 87
5391 47
5211 102
5608 14
5155 149
5684 13
5192 34
5781 14
5929 122
5895 45
5593 68
5463 22
5445 57
5480 40
5408 32
5338 48
5329 22
5489 81
5464 37
5270 49
5385 199
5755 31
5946 99
5462 117
5365 35
5891 195
5923 50
5718 40
5501 67
5153 110
5518 35
5440 54
5509 63
5513 102
5474 102
5142 37
5499 213
5333 106
5272 82
5239 29
5185 80
5617 72
5168 29
5362 33
5490 20
5353 53
5281 61
5194 29
5776 63
5360 22
5932 43
5569 32
5485 44
5436 156
5433 170
5328 103
5655 19
5896 56
5909 84
5904 52
5233 143
5557 159
5334 46
5748 19
5766 20
5899 46
5507 42
5326 136
5374 57
5375 48
5719 90
5403 46
5694 57
5918 52
5709 146
5720 48
5725 100
5384 205
5127 152
5706 35
5897 67
5912 109
5401 42
5409 35
5916 37
5138 11
5130 102
5482 32
5540 97
5697 24
5650 82
5935 102
5161 25
5167 30
5504 34
5419 138
5122 24
5425 53
5215 62
5533 27
5520 25
5523 20
5498 32
5452 65
5708 28
5203 111
5731 35
5177 49
5427 28
5271 17
5160 39
5606 101
5191 108
5392 15
5394 62
5278 114
5653 105
5508 140
5368 137
5774 112
5164 83
5134 45
5214 83
5273 163
5528 78
5506 51
5157 129
5910 109
5411 197
5772 21
5597 68
5710 76
5522 26
5478 61
5703 74
5371 69
5280 184
5558 92
5654 62
5937 58
5581 85
5729 130
5444 46
5724 38
5598 115
5367 44
5695 33
5777 34
5539 36
5782 156
5517 24
5366 36
5906 210
5450 33
5343 29
5693 26
5399 75
5942 27
5428 28
5339 115
5765 83
5536 103
5656 71
5197 45
5892 60
5181 31
5171 76
5216 86
5277 26
5146 63
5176 10
5393 68
5761 24
5647 51
5229 86
5147 60
5136 61
5691 180
5526 25
5376 52
5511 63
5778 36
5235 78
5589 95
5332 201
5390 66
5924 40
5162 42
5726 94
5741 61
5713 30
5384 205
5892 60
5719 90
5523 20
5127 152
5157 129
5489 81
5932 43
5748 19
5362 33
5385 199
5397 144
5653 105
5561 136
5463 22
5338 48
5507 42
5741 61
5328 103
5375 48
5263 76
5433 170
5168 29
5194 29
5411 197
5694 57
5271 17
5181 31
5428 28
5360 22
5929 122
5195 72
5184 57
5185 80
5720 48
5724 38
5444 46
5536 103
5391 47
5393 68
5436 156
5499 213
5513 102
5365 35
5508 140
5278 114
5233 143
5344 72
5528 78
5581 85
5506 51
5897 67
5333 106
5162 42
5445 57
5490 20
5782 156
5606 101
5478 61
5733 122
5332 201
5772 21
5601 19
5334 46
5769 72
5708 28
5896 56
5192 34
5191 108
5343 29
5706 35
5766 20
5895 45
5273 163
5368 137
5214 83
5935 102
5167 30
5176 10
5171 76
5329 22
5399 75
5518 35
5401 42
5504 34
5326 136
5521 87
5654 62
5474 102
5758 121
5697 24
5946 99
5270 49
5593 68
5781 14
5916 37
5155 149
5204 158
5693 26
5725 100
5501 67
5371 69
5235 78
5731 35
5774 112
5765 83
5203 111
5533 27
5480 40
5160 39
5403 46
5500 19
5726 94
5918 52
5709 146
5452 65
5511 63
5909 84
5366 36
5277 26
5340 109
5598 115
5569 32
5509 63
5408 32
5272 82
5937 58
5924 40
5776 63
5215 62
5703 74
5558 92
5370 149
5942 27
5647 51
5122 24
5462 117
5376 52
5482 32
5154 208
5713 30
5608 14
5211 102
5517 24
5450 33
5130 102
5718 40
5498 32
5419 138
5464 37
5374 57
5557 159
5522 26
5643 62
5281 61
5691 180
5722 34
5755 31
5906 210
5923 50
5367 44
5904 52
5280 184
5589 95
5177 49
5485 44
5430 33
5910 109
5520 25
5777 34
5440 54
5164 83
5392 15
5134 45
5597 68
5339 115
5891 195
5229 86
5197 45
5539 36
5729 130
5655 19
5138 11
5526 25
5425 53
5390 66
5216 86
5710 76
5617 72
5761 24
5161 25
5912 109
5427 28
5778 36
5540 97
5142 37
5695 33
5153 110
5147 60
5136 61
5650 82
5239 29
5409 35
5146 63
5684 13
5353 53
5394 62
5128 36
5899 46
5656 71
5914 144
