5656 71
5654 62
5419 138
5277 26
5334 46
5408 32
5216 86
5501 67
5513 102
5896 56
5509 63
5892 60
5161 25
5521 87
5397 144
5474 102
5523 20
5511 63
5374 57
5130 102
5464 37
5643 62
5128 36
5766 20
5370 149
5197 45
5731 35
5136 61
5653 105
5499 213
5411 197
5713 30
5195 72
5758 121
5462 117
5718 40
5444 46
5385 199
5164 83
5608 14
5914 144
5569 32
5729 130
5606 101
5684 13
5741 61
5403 46
5463 22
5719 90
5528 78
5278 114
5697 24
5185 80
5929 122
5899 46
5733 122
5393 68
5924 40
5777 34
5709 146
5536 103
5204 158
5910 109
5192 34
5134 45
5650 82
5778 36
5138 11
5394 62
5235 78
5539 36
5617 72
5162 42
5726 94
5371 69
5647 51
5932 43
5937 58
5561 136
5168 29
5281 61
5146 63
5167 30
5923 50
5384 205
5694 57
5918 52
5430 33
5774 112
5708 28
5725 100
5526 25
5360 22
5375 48
5904 52
5401 42
5748 19
5691 180
5703 74
5589 95
5339 115
5367 44
5239 29
5142 37
5557 159
5935 102
5376 52
5333 106
5601 19
5343 29
5490 20
5353 53
5769 72
5772 21
5710 76
5500 19
5482 32
5450 33
5655 19
5399 75
5392 15
5504 34
5365 35
5782 156
5485 44
5214 83
5507 42
5912 109
5445 57
5581 85
5263 76
5706 35
5328 103
5127 152
5203 111
5233 143
5329 22
5478 61
5695 33
5425 53
5533 27
5154 208
5409 35
5191 108
5909 84
5270 49
5540 97
5724 38
5489 81
5942 27
5895 45
5781 14
5506 51
5271 17
5517 24
5722 34
5916 37
5518 35
5520 25
5693 26
5508 140
5326 136
5273 163
5452 65
5720 48
5194 29
5184 57
5436 156
5366 36
5946 99
5338 48
5433 170
5480 40
5160 39
5427 28
5776 63
5765 83
5211 102
5390 66
5428 28
5597 68
5498 32
5755 31
5593 68
5897 67
5906 210
5761 24
5155 149
5522 26
5147 60
5362 33
5181 31
5229 86
5272 82
5176 10
5171 76
5177 49
5598 115
5340 109
5157 129
5440 54
5280 184
5891 195
5391 47
5122 24
5558 92
5153 110
5368 137
5332 201
5344 72
5215 62
