5326 112
5326 113
5326 114
5326 115
5326 116
5574 40
5574 41
5574 42
5574 43
5574 44
5465 0
5465 1
5465 2
5465 3
5465 4
5215 17
5215 18
5215 19
5215 22
5215 23
6160 59
6160 60
6160 63
6160 64
6160 67
5333 55
5333 56
5333 57
5333 58
5333 59
6568 34
6568 35
6568 36
5699 15
5699 16
5699 17
5699 18
5699 19
5385 0
5385 1
5385 2
5385 3
5385 4
5385 5
5385 6
5385 7
5385 8
5385 9
5385 10
5385 11
5385 12
5385 13
5385 14
5385 15
5385 16
5385 17
5385 18
5385 19
5385 20
5385 21
5385 22
5385 23
5385 24
5385 25
5385 26
5385 27
5385 28
5385 29
5385 30
5385 31
5385 32
5385 33
5385 34
5385 35
5385 36
5385 37
5385 38
5385 39
5385 40
5385 41
5385 42
5385 43
5385 44
5344 22
5344 23
5344 24
5344 25
5344 26
5704 10
5704 11
5704 12
5704 13
5704 14
5704 21
5704 25
5704 29
5704 31
5704 35
5704 39
5704 46
5704 49
5704 50
6694 0
6694 1
6694 2
6694 3
6694 4
6694 5
6694 6
6694 7
6694 8
6694 9
6694 10
6694 11
6694 12
6642 0
6642 1
6642 2
6642 3
6642 4
6642 5
6642 6
6642 7
6642 8
6642 9
6642 10
6642 11
6642 12
6642 13
6642 14
6642 15
6642 16
6642 17
6642 18
6642 19
6642 20
6642 21
6642 22
6642 23
6642 24
6642 25
6642 26
6642 27
6642 28
6642 30
6642 31
6957 77
6957 78
6957 79
6957 81
6957 82
6957 83
6957 84
6957 85
6957 86
6957 87
6957 88
6957 89
6957 90
6957 91
6957 92
6957 93
6957 94
6957 95
6957 96
6957 97
6957 100
6957 196
6957 197
5366 32
5366 33
5366 34
5366 35
6045 11
6045 12
6045 15
6045 16
6045 17
6436 5
6436 6
6436 7
6436 8
6203 80
6203 81
6203 82
6203 83
6203 84
5588 20
5588 21
5588 22
5588 23
5588 24
6026 78
6026 79
6026 80
6026 83
5161 0
5161 3
5161 5
5161 18
5161 22
6950 27
6950 28
5755 18
5755 19
5755 21
5755 22
5755 24
6101 53
5339 65
5339 66
5339 67
5339 68
5339 69
6056 36
6056 37
5722 32
5722 33
6103 80
6103 81
6103 82
6103 83
6103 84
6103 85
6103 86
6103 87
6103 88
6103 89
6103 90
6103 91
6103 92
6103 93
6103 94
6103 95
6103 96
6103 97
6103 98
6103 99
6103 100
6103 101
6103 102
6103 103
6103 104
6103 105
6103 106
6103 107
6103 108
6103 109
6103 110
6103 111
6103 112
6103 113
6103 114
6103 117
6103 118
6103 128
6103 129
6103 130
6103 131
6103 132
5340 84
5340 85
5340 86
5340 87
5340 88
6502 26
6502 27
6502 28
6502 29
6502 30
6502 31
6502 32
6502 33
6502 34
6502 35
6502 36
6502 37
6502 38
6502 39
6502 40
6502 41
6502 42
6502 43
6502 44
6535 15
6535 16
6535 17
6535 18
6535 19
6535 21
6535 22
6535 23
6535 24
6535 25
6535 26
6535 27
6535 31
6535 37
6535 38
6535 39
6535 40
6934 96
6934 101
6934 102
6934 103
6934 104
6160 0
6160 1
6160 2
6160 3
6160 4
5337 170
5337 171
5337 172
5337 173
5337 174
5337 175
5337 176
5337 177
5337 178
5337 179
5337 180
5337 181
5337 182
5337 183
5337 184
5337 185
5337 186
5337 187
5337 188
5337 189
5337 190
5337 191
5337 192
5337 193
5337 194
5337 195
5337 196
5337 197
5337 198
5337 199
5337 200
5337 201
5337 202
5337 203
5337 204
5337 205
5337 206
5337 207
5337 208
5337 209
5337 211
5337 212
5337 213
5337 214
5337 215
5719 12
5719 13
5719 14
5719 15
5719 16
5597 0
5597 1
5597 2
5597 3
5597 4
5597 10
5597 11
5597 12
5597 13
5597 14
5597 15
5597 16
5597 17
5597 18
5597 19
5597 20
5597 21
5597 22
5597 23
5597 24
5597 25
5597 26
5597 27
5597 28
5597 29
5597 30
5597 31
6214 47
6214 48
6214 49
6214 50
6214 51
6484 15
6484 16
6484 17
6484 18
6484 19
5988 5
5988 6
5988 7
5988 8
5988 9
6492 0
6492 1
6492 2
6492 3
6492 4
6388 0
6388 1
6388 2
6388 3
6388 4
6388 5
6388 6
6388 7
6388 8
6388 9
6388 10
6388 11
6388 12
6388 13
6388 14
6388 15
6388 16
6388 17
6388 18
6388 19
6388 20
6388 21
6388 22
6388 23
6388 24
6388 25
6388 26
6388 27
6388 28
6388 29
6388 30
6388 31
6388 32
6388 33
6388 34
6388 35
6388 36
6388 37
6388 38
6388 39
6388 40
6388 41
6388 42
6388 43
6388 44
6388 45
6388 46
6388 47
6388 48
6388 49
6388 50
6388 51
6870 5
6870 6
6870 7
6870 8
6870 9
5512 137
5512 138
5512 139
5512 143
5512 144
5512 145
5512 146
5512 147
5512 150
5512 151
5512 152
5512 153
5512 154
5512 155
5512 156
5512 157
5512 158
5512 159
5512 160
5512 161
5512 162
5512 163
5512 164
5512 165
5512 166
5512 167
5512 168
5512 169
5512 170
5512 171
5512 172
5512 173
5512 174
5512 175
5512 176
5512 177
5512 178
5512 179
5512 180
5512 181
6598 108
6598 109
6598 110
6598 111
6598 112
6598 113
6598 114
6598 115
6598 116
6598 117
6598 118
6598 119
6598 120
6598 121
6598 122
6598 123
6598 124
6598 125
6598 126
6598 127
6598 130
6598 131
6598 132
6598 133
6598 134
6598 135
6598 136
6598 137
6598 138
6598 139
6771 2
6771 3
6771 5
6882 23
6882 24
6882 25
6882 26
6882 27
5773 31
5773 32
6785 0
6785 1
6785 2
6785 3
6785 4
6785 5
6785 6
6785 7
6785 8
6785 9
6785 10
6785 11
6785 12
6785 13
6785 14
6785 15
6785 16
6785 17
6785 18
6785 19
6785 21
6785 22
6785 23
6776 191
6583 161
6583 162
6583 163
6583 164
6583 165
6583 166
6583 167
6583 168
6583 169
6583 170
6583 171
6583 172
6583 173
6583 174
6583 175
6583 176
6583 177
6583 178
6583 179
6583 180
6583 181
6583 182
6583 183
6583 184
6583 185
6583 186
6583 187
6583 188
6603 64
6603 65
6603 66
6603 67
6603 68
6574 40
6574 43
6574 45
6856 21
6633 6
6616 24
6616 25
6616 26
6616 27
6616 28
6616 29
6616 30
6616 31
6616 32
6616 33
6616 34
6616 35
6616 36
6616 37
6616 38
6616 39
6616 40
6616 41
6616 42
6616 43
6616 44
6616 45
6616 46
6616 48
6616 49
6616 50
6616 51
6616 68
6616 71
6616 79
5553 5
5553 6
5553 7
5553 8
5553 9
5782 138
5782 139
5782 140
5782 141
5782 142
6823 0
6823 1
6823 2
6823 3
6823 4
5597 64
5059 63
5059 64
5059 66
5059 67
5059 68
5705 50
5705 51
5705 52
5705 53
6417 171
6417 172
6417 173
6417 176
6417 179
5755 30
5748 16
5748 18
5776 5
5776 6
5776 7
5776 8
5776 9
5565 0
5565 1
5565 2
5565 3
5565 4
5565 5
5565 6
5565 7
5565 8
5565 9
5565 10
5565 11
5565 12
5565 13
5565 14
5565 15
5565 16
5565 17
5565 18
5565 19
5565 20
5565 21
5565 22
5565 23
5565 24
5565 25
5565 26
5565 27
5565 28
5565 29
5565 30
5565 31
5565 32
5565 33
5565 34
5565 35
5565 36
5565 37
5565 38
5565 39
5565 40
5565 41
5565 42
5565 43
5565 44
5565 45
5565 46
5565 47
5565 48
5071 55
6917 0
6917 1
6917 2
6917 3
6917 4
6917 5
6917 6
6917 7
6917 8
6917 9
6917 10
6917 11
6917 12
6917 13
6917 14
6917 15
6917 16
6917 17
6917 18
6917 19
6879 85
6879 86
6879 87
6879 88
6879 89
6985 20
6985 21
6985 22
6985 23
6985 24
6150 16
6150 17
6150 18
6150 19
6150 20
6279 11
6279 19
6279 23
6279 27
6279 31
6453 36
6453 37
6453 38
6453 39
6453 40
6453 41
6453 42
6453 43
6453 44
6453 45
6453 46
6453 47
6453 48
6453 49
6453 50
6453 51
6453 52
6453 53
6453 54
6453 55
6453 56
6453 57
6453 58
6453 59
6453 60
6453 61
6453 62
6453 63
6453 64
6453 65
6453 66
6453 67
6453 68
6453 69
6453 70
6453 71
6453 72
6453 74
6453 86
6106 58
6106 59
6106 61
6106 62
6106 63
5949 21
5949 22
5949 23
5949 24
5949 25
5910 83
5910 84
5910 85
5910 86
5910 87
5914 122
5914 123
5914 124
5914 125
5914 126
5659 3
5659 4
5659 5
5659 6
5659 7
6151 75
6151 78
6151 79
6151 82
6151 83
5489 55
5489 56
5489 57
5489 58
5489 59
5578 52
5578 53
5578 54
5578 55
5578 56
6308 27
6308 28
6308 29
6308 30
6308 31
5691 1
5691 2
5691 3
5691 4
5691 5
5661 0
5661 1
5661 2
5661 3
5661 4
5661 5
5661 6
5661 7
5661 8
5661 9
5661 10
5661 11
5661 12
5661 13
5661 14
5661 15
5661 16
5179 50
5179 51
5179 52
5179 53
5179 54
5179 55
5179 56
5179 57
5179 58
5179 59
5179 60
5179 61
5179 62
5179 63
5179 64
5179 65
5179 66
5179 67
5179 68
5179 69
5179 70
5179 71
5179 72
5179 73
5179 74
5179 75
5179 76
5179 77
5179 78
5179 79
5179 80
5179 81
5179 82
5179 83
5179 84
5179 85
5179 86
5179 87
5179 88
5179 89
5179 90
5179 91
5179 92
5179 93
5179 94
5179 95
5179 96
6938 0
6938 1
6938 2
6938 3
6938 4
6938 5
6938 6
6938 7
6938 8
6938 9
6938 10
6938 11
6938 12
6938 13
6938 14
6938 15
6938 16
6938 17
6938 18
6938 19
6938 20
6938 21
6780 204
6780 205
6780 206
6780 207
6780 208
6934 64
6934 65
6934 66
6934 67
6934 68
6934 71
6934 72
6934 73
6934 74
6934 75
6934 76
6934 77
6934 78
6934 79
6934 80
6934 81
6934 82
6934 83
6934 84
6934 85
6934 120
6934 212
6934 213
5060 94
5060 95
5060 96
5060 97
5060 98
6693 24
6693 25
6693 26
6693 27
6693 28
6696 24
6696 25
6696 26
6696 27
6696 37
6861 64
6861 65
6861 66
6861 67
6861 68
6861 69
6861 70
6861 71
6861 72
6861 73
6861 74
6861 75
6861 76
6861 77
6861 78
6861 79
6861 80
6861 81
6861 82
6861 84
6861 88
6861 95
6919 53
6919 54
6919 55
6919 56
6919 57
6919 58
6919 59
6919 60
6919 61
6919 62
6919 63
6919 64
6919 65
6919 66
6919 67
6919 68
6919 69
6919 70
6919 71
6919 72
6919 73
6919 74
6919 75
6919 76
6919 77
6638 20
6638 23
6638 26
6657 14
6657 15
6577 81
6577 82
6577 83
6577 84
6577 85
6577 86
6577 87
6577 88
6577 89
6577 90
6577 91
6577 92
6577 93
6577 94
6577 95
6577 96
6577 97
6577 98
6577 99
6577 103
6577 104
6577 105
6905 105
6905 106
6905 107
6905 108
6905 109
6261 9
6261 42
6261 43
5226 0
5226 1
5226 2
5226 3
5226 4
5226 5
5226 6
5226 7
5226 8
5226 9
5226 10
5226 11
5226 12
5226 13
5226 15
5226 16
5226 17
5226 18
5226 27
5226 29
5226 35
5226 64
5226 65
5912 91
5912 92
5912 93
5912 94
5912 95
5386 180
5386 181
5386 182
5386 183
5386 184
5386 185
5386 186
5386 187
5386 188
5386 189
5386 190
5386 191
5386 192
5386 193
5386 194
5386 195
5386 196
5386 197
5386 198
5386 199
5386 200
5386 201
5386 202
5386 203
5386 204
5386 205
5386 206
5386 207
5386 208
5386 209
5386 210
5386 211
5386 212
5386 213
5386 214
5386 215
5386 216
5386 217
5386 218
5386 219
6235 69
6235 70
6235 71
6235 72
6235 73
6535 28
6535 29
6535 30
6535 63
6535 79
6535 83
6442 15
6442 16
6442 17
6442 18
6442 19
6983 2
6983 3
6983 5
6983 27
6983 29
5946 49
5946 65
5946 69
5946 72
5946 73
6036 0
6036 1
6036 2
6036 3
6036 4
6036 5
6036 6
6036 7
6036 8
6036 9
6036 10
6036 11
6036 12
6036 13
6036 14
6036 15
6036 16
6036 17
6036 18
6036 19
6036 20
6036 21
6036 22
6036 23
6036 26
6337 22
6337 23
6337 24
6337 27
6337 30
5333 96
6401 111
6401 112
6401 114
6218 59
6218 60
6218 61
6218 62
6218 63
6692 144
6692 145
6692 146
6692 147
6692 148
6229 25
6229 26
6229 27
6229 28
6229 29
6795 40
6795 41
6795 42
6795 43
6795 44
5588 5
5588 6
5588 7
5588 8
5588 9
5588 138
5588 139
5588 140
5588 141
5588 142
5588 143
5588 144
5588 145
5588 146
5588 147
5449 100
5449 101
5654 56
5654 57
5654 58
5654 59
5654 60
5729 99
5729 100
5729 101
5729 102
5729 103
5344 57
5344 58
5344 59
5501 55
5501 56
5501 57
5501 58
5501 59
5036 0
5036 1
5036 2
5036 3
5036 4
5036 5
5036 6
5036 7
5036 8
5036 9
5036 10
5036 11
5036 12
5036 13
5036 14
5036 15
5036 16
5036 17
5036 18
5036 19
5036 20
5036 21
5036 22
5036 23
5036 24
5036 25
5036 26
5036 27
5036 28
5036 29
5036 30
5036 31
5036 32
5036 33
5036 34
5036 35
5036 36
5036 37
5036 38
5036 39
5036 40
5036 41
5036 42
5036 43
5036 44
5036 45
5036 46
5036 47
5036 51
5036 55
5036 56
5036 77
5036 78
5036 81
5036 82
5437 175
5437 176
5437 177
5437 178
5437 179
5437 180
5437 181
5437 182
5437 183
5437 184
5437 185
5437 186
5437 187
5437 188
5437 189
5437 190
5437 191
5437 192
5437 193
5437 194
5437 195
5437 196
5437 197
5437 198
5437 199
5437 200
5437 201
5437 202
5437 203
5437 204
5437 205
5437 206
5437 207
5437 208
6457 105
6457 106
6457 107
6457 108
6457 109
6457 110
6457 111
6457 112
6457 113
6457 114
6457 115
6457 116
6457 117
6457 118
6457 121
6457 122
6457 123
6457 124
6457 125
6457 126
6457 127
6457 143
6457 144
6457 145
6457 146
6457 147
6457 148
6457 149
6457 150
6457 151
6457 152
6457 154
6457 155
6457 156
6457 158
6457 159
6457 160
6457 162
6457 174
6457 178
6457 187
6457 190
6457 191
6457 204
6457 207
4977 36
4977 37
4977 38
4977 39
4977 40
6195 57
6195 58
6195 64
6195 65
6195 66
6378 0
6378 1
6378 3
6378 29
5326 92
5326 93
5326 94
5326 95
5326 96
5171 38
5171 39
5171 40
5171 41
5171 42
6466 10
6064 50
6064 51
4982 136
4982 137
4982 138
4982 139
4982 141
5961 80
5961 81
5961 82
5961 83
5961 84
4971 50
4971 51
4971 52
4971 53
4971 54
4971 55
4971 56
4971 57
4971 58
4971 59
4971 60
4971 61
4971 62
4971 63
4971 64
4971 65
4971 66
4971 67
4971 68
4971 69
4971 70
4971 71
4971 72
4971 73
4971 74
4971 75
4971 76
4971 77
4971 78
4971 79
4971 80
4971 81
4971 82
4971 83
4971 84
4971 85
4971 86
4971 87
4971 88
4971 89
4971 90
4971 91
4971 92
4971 93
4971 94
4971 95
4971 96
4971 97
4971 98
4971 99
5333 100
5333 101
5333 102
5333 103
5333 104
6110 163
6110 164
6110 165
6110 166
6110 167
6553 40
6553 41
6553 42
6553 43
6553 44
6553 45
6553 46
6553 47
6553 48
6553 49
6553 50
6553 51
6553 52
6553 53
6553 54
6553 55
6553 56
6544 115
6544 116
6544 117
6544 118
6544 119
6544 120
6544 121
6544 123
6544 165
6544 181
6544 186
5604 0
5604 1
5604 2
5604 3
5604 4
5604 5
5604 6
5604 7
5604 8
5604 9
5604 10
5604 11
5604 12
5604 13
5604 14
5604 16
5604 17
5604 18
5604 24
5604 25
5604 26
5604 27
5604 28
5604 29
5604 30
5604 31
5604 32
5604 33
5604 34
5604 35
5604 36
5604 37
5604 39
5604 40
5604 41
5604 42
5604 43
5604 44
5604 47
5604 48
5604 49
5604 50
5604 51
5604 57
5604 69
5604 70
5604 71
5604 83
5604 86
5604 93
5134 6
5134 7
5134 8
5134 9
5134 11
5419 95
5419 96
5419 97
5419 98
5419 99
5440 25
5440 26
5440 27
5440 28
5440 29
6789 78
6789 79
6789 80
6789 81
6789 82
6789 83
6789 84
6789 85
6789 86
6789 87
6789 88
6789 89
6789 90
6789 91
6789 92
6789 93
6789 94
6789 95
6789 96
6789 97
6789 98
6789 99
6789 100
6789 101
5940 0
5940 1
5940 2
5940 3
5940 4
5940 5
5940 6
5940 7
5940 8
5940 9
5940 10
5940 11
5940 12
5940 13
5940 14
5940 15
5940 16
5940 17
5940 18
5940 19
5940 20
5940 21
5940 22
5940 23
5940 24
5940 25
5940 26
5940 27
5940 28
5940 29
5940 30
5940 31
5940 32
5940 33
5940 34
5940 35
5940 36
5940 37
5940 38
5940 39
5940 40
5940 41
5940 42
5940 43
5940 44
6111 56
6111 57
6111 58
6111 59
6111 60
5384 170
5384 171
5384 172
5384 173
5384 174
6462 0
6462 1
6462 2
6462 3
6462 4
6462 5
6462 6
6462 7
6462 8
6462 9
6462 10
6462 11
6462 12
6462 13
6462 14
6462 15
6462 16
6462 17
6462 18
6462 19
6462 20
6462 21
6462 22
6462 23
6462 24
6507 143
6507 144
6507 145
6507 146
6507 147
6507 148
6507 149
6507 150
6507 151
6507 152
6507 155
6507 156
6507 157
6507 158
6507 159
6507 160
6507 161
6507 162
6507 163
6507 164
6145 58
6145 59
6145 60
6145 61
6145 62
5528 32
5528 33
5528 34
5528 35
5528 36
6922 232
6922 233
6922 234
6922 235
6922 236
6401 99
6401 100
6401 101
6401 102
6401 103
6064 40
6064 41
6064 42
6064 43
6064 44
5127 107
5127 108
5127 110
5127 111
5127 112
6691 22
6691 23
6691 24
4952 32
4952 33
4952 34
4952 35
4952 36
5703 68
5703 71
5703 72
5703 73
5932 10
5932 11
5932 12
5932 13
5932 14
6199 35
6199 36
6199 37
6199 38
6199 39
6199 40
6199 41
6199 42
6199 43
6199 44
6199 45
6199 46
6199 47
6199 48
6199 49
6199 50
6199 51
6199 52
6199 53
6199 54
6199 55
6199 56
6199 58
6199 59
6199 60
6199 61
6199 62
6199 63
6199 64
6199 65
6199 66
6199 67
6199 68
6199 69
6199 70
6199 71
6199 72
6199 73
6199 74
6199 78
6199 79
6199 80
6199 81
6199 82
6199 83
6199 84
6199 85
6199 86
6199 87
6199 180
5423 0
5423 1
5423 2
5423 3
5423 4
5423 5
5423 6
5423 7
5423 8
5423 9
5423 10
5423 11
5423 12
6113 25
6113 26
6113 27
6113 28
6113 29
6535 32
6535 33
6535 34
6535 35
6535 36
6535 41
6535 42
6535 43
6535 44
6535 45
6535 46
6535 47
6535 48
6535 49
6535 50
6535 53
5522 25
6693 29
6693 30
5353 50
5353 51
5353 52
6151 76
6151 77
6151 80
6151 96
6151 99
5768 19
5768 20
5768 21
5768 23
5768 24
5490 10
5490 11
5490 12
5490 13
5490 14
6154 2
6154 6
6154 9
6154 13
6154 18
6312 148
6312 149
6312 150
6312 152
6312 160
6436 21
6436 22
6436 23
6436 24
6436 25
4979 122
4979 125
4979 126
4979 127
5935 61
5935 62
5935 63
5270 18
5270 19
5270 20
5270 21
5270 23
5606 61
5606 62
5606 63
5093 41
5093 44
5093 47
5093 48
5093 49
5093 50
5093 51
5093 52
5093 53
5093 54
5093 55
5093 56
5093 57
5093 58
5093 59
5093 60
5093 61
5093 62
5093 63
5093 64
5093 65
5093 66
5093 67
5093 68
5093 69
5093 70
5093 71
5093 72
5093 73
5093 74
5093 75
5093 76
5093 77
5093 78
5093 79
5093 80
5093 81
5093 82
5093 83
5093 84
5093 85
5093 95
5093 104
5093 108
5093 156
5136 41
5136 42
5136 43
5136 44
5136 46
5201 35
5201 39
5201 41
5201 42
5201 43
5201 44
5201 45
5201 46
5201 47
5201 48
5201 49
5201 50
5201 51
5201 52
5201 53
5201 54
5201 55
5201 56
5201 57
5201 58
5201 59
5201 61
5201 62
5201 64
5201 65
5201 68
5201 70
5201 72
5201 73
5201 74
5201 75
5201 76
5201 78
5201 79
5201 80
5201 82
5201 86
5201 98
5201 102
5201 108
5201 109
5201 112
5201 122
5222 23
5222 27
5222 28
5222 29
5222 30
6122 0
6122 1
6122 2
6122 3
6122 4
6122 5
6122 6
6122 7
6122 8
6122 9
6122 10
6122 11
6122 12
6122 13
6122 14
6122 15
6122 16
6122 17
6122 18
6122 19
6122 20
6122 21
6122 22
6122 23
6122 24
6122 25
6122 26
6122 27
6122 28
6122 29
6122 30
6122 31
6122 32
6122 33
6122 34
6122 35
6122 36
6122 37
6122 38
6122 39
6122 40
5897 25
5897 26
5897 27
5897 28
5897 29
6857 0
6857 1
6857 2
6857 3
6857 4
6857 5
6857 6
6857 7
6857 8
6857 9
6857 10
6857 11
6857 12
6857 13
6857 14
6857 15
6857 16
6857 17
6947 64
6947 65
6947 66
6947 67
6947 68
5733 120
6493 79
6493 86
6493 87
6493 89
6493 90
6493 91
6493 92
6493 93
6493 94
6493 95
6493 96
6493 97
6493 98
6493 99
5482 20
5482 21
5482 22
5482 23
5482 24
5474 55
5474 56
5474 57
5474 58
5474 59
6052 110
5517 5
5517 6
5517 7
5517 8
5517 9
6145 64
6145 65
6145 66
6145 67
6145 68
5719 85
5719 89
6401 90
6401 94
6401 104
6401 108
6401 113
6405 35
6405 36
6405 37
6405 38
6405 39
6563 20
6563 21
6563 22
6563 23
6563 24
6563 25
6563 26
6563 27
6563 28
6563 29
6563 31
6563 32
6563 33
6563 34
6563 35
6563 94
6563 95
6563 96
6563 97
6563 99
6861 173
6861 174
6861 175
6861 176
6861 177
6861 178
6861 179
6861 180
6861 181
6861 182
6861 183
6861 184
6861 185
6861 186
6861 187
6861 190
6861 193
6861 197
6861 201
6861 205
6861 210
6861 212
6861 243
6861 244
5455 137
5455 138
5455 139
5455 140
5455 141
6832 45
5419 130
5419 131
5419 132
5419 133
5419 134
5280 180
6650 24
6650 25
6650 26
6650 27
6650 28
5399 70
5399 71
5399 72
5399 73
5399 74
5553 15
5553 16
5553 17
5731 25
5731 26
5731 29
5731 30
5710 44
5710 45
5710 46
5710 47
5710 48
6214 6
6214 7
6214 8
6214 9
6214 30
6804 32
6804 33
6804 34
6804 35
6804 36
5449 80
5449 81
5449 82
5449 83
5449 84
5370 145
5370 146
5370 147
5370 148
5328 0
5328 1
5328 2
5328 3
5328 4
5328 5
5328 6
5328 7
5328 8
5328 9
5328 10
5328 11
5328 12
5328 13
5328 14
5328 15
5328 16
5328 17
5328 18
5328 19
5328 20
5328 21
5328 22
5328 23
5328 24
5328 25
5328 26
5328 27
5328 28
5328 29
5328 30
5328 31
5328 32
5328 33
5328 34
5328 35
5328 36
5328 37
5328 38
5328 39
5328 40
5328 41
5328 42
5328 43
5328 44
5328 45
5328 46
5328 47
5328 48
5328 49
5647 20
5647 21
5647 22
5647 23
5647 24
5512 0
5512 1
5512 2
5512 3
5512 4
5512 5
5512 6
5512 7
5512 8
5512 9
5512 10
5512 11
5512 12
5512 13
5512 14
5512 15
5512 16
5512 17
5512 18
5512 19
5512 20
5512 21
5512 22
5512 23
5512 24
5512 90
5512 96
5512 97
5512 98
5512 99
5512 140
5512 141
5512 142
5512 208
5512 209
6203 56
6203 57
6203 58
6203 59
6203 60
5478 12
5478 13
5478 14
5478 15
5478 16
6520 31
6520 32
6520 33
6520 36
6520 40
6343 170
6343 171
6343 172
6343 173
6343 174
5535 5
5535 6
5535 7
5535 8
5535 9
6056 15
6056 16
6056 17
6056 18
6056 19
6502 54
6502 55
6502 56
6502 58
6502 59
6502 60
6502 61
6502 62
6502 63
6502 65
6502 66
6502 67
6502 68
6502 69
5758 117
5758 119
5589 56
5589 57
5589 58
5589 59
5589 60
6921 60
6921 61
6921 62
6921 63
6922 237
6922 238
6922 239
6916 0
6916 1
6916 2
6916 3
6916 4
6916 5
6916 6
6916 7
6916 8
6916 9
6916 10
6916 11
6916 12
6916 13
6916 14
6916 15
6916 16
6916 17
6916 18
6916 19
6916 20
6916 21
6916 22
6916 23
6916 24
6916 25
6916 26
6916 27
6916 28
6916 29
6813 90
6813 91
6813 92
6813 93
6813 94
6813 95
6813 96
6813 97
6813 98
6813 99
6813 100
6813 101
6813 102
6813 103
6813 104
6813 105
6813 106
6813 107
6813 108
6813 109
6813 110
6813 111
6813 112
6813 113
6813 114
6813 115
6813 116
6813 117
6813 118
6813 119
6630 140
6630 141
6630 142
6630 143
6630 144
6765 111
6765 112
6765 113
6765 114
6765 115
6765 116
6765 117
6765 118
6765 119
6765 120
6765 147
6765 153
6765 154
6765 179
6765 180
6765 181
6765 182
6749 109
6888 1
6888 194
6888 195
6888 196
6888 197
6997 0
6997 1
6997 2
6997 3
6997 4
6997 5
6997 6
6997 7
6997 8
6997 9
6997 38
6997 39
6997 70
6997 71
6997 72
6997 91
6997 92
6997 93
6919 28
6919 29
6919 30
6919 31
6919 32
6919 33
6919 34
6919 35
6919 36
6919 37
6919 38
6919 39
6919 40
6919 41
6919 42
6919 43
6919 44
6919 45
6919 46
6919 47
6919 48
6919 49
6919 50
6919 51
6919 52
6786 123
6786 124
6786 125
6786 126
6786 127
6786 128
6786 129
6786 130
6786 131
6786 132
6786 133
6786 134
6786 135
6786 136
6786 137
6786 138
6786 139
6786 140
6786 141
6786 142
6786 143
6786 144
6786 145
6937 45
6937 46
6937 47
6937 48
6937 49
6937 50
6937 51
6937 52
6937 53
6937 54
6937 55
6937 56
6937 57
6937 58
6937 59
6937 60
6937 61
6937 62
6937 63
6937 64
6937 65
6937 66
6937 67
6937 68
6930 32
6930 33
6930 34
6930 35
6930 36
6930 40
6930 41
6930 42
6930 43
6930 44
6930 45
6930 46
6930 47
6930 48
6930 49
6930 50
6930 51
6930 52
6930 53
6930 54
6930 55
6930 56
6930 57
6930 58
6930 59
6921 111
6921 112
6921 113
6921 114
6921 115
6921 117
6921 123
6921 124
6921 125
6921 126
6921 127
6921 130
6921 131
6921 132
6921 133
6921 134
6921 135
6921 136
6921 137
6921 138
6921 139
6921 150
6921 151
6921 152
6921 185
6921 186
6921 187
6921 188
6918 96
6918 97
6918 98
6918 99
6918 100
6329 5
6329 6
6329 7
6329 8
6329 45
6007 157
6007 160
6633 47
5936 17
5452 25
5452 26
5452 27
5452 28
5452 29
5897 40
5897 41
5897 42
5897 43
5897 44
5578 60
5578 61
5578 90
5578 91
5578 92
6525 58
5428 0
5428 1
5428 2
5428 3
5428 4
6309 10
6309 11
6309 12
6309 13
6309 14
5427 0
5427 1
5427 2
5427 3
5427 4
6917 20
6917 21
6917 22
6917 23
6917 24
6917 26
6917 27
6917 28
6917 30
6917 31
6917 32
6917 33
6917 34
6917 35
6917 36
6917 37
6917 38
6917 39
6917 40
6917 41
6917 42
6828 40
6828 41
6828 42
6828 43
6828 44
6828 45
6828 46
6828 47
6828 48
6828 49
6828 50
6828 51
6828 52
6828 53
6828 54
6828 55
6828 56
6828 57
6828 58
6828 59
6828 60
6828 61
6828 62
6828 63
6828 64
6161 15
6161 16
6161 17
6161 18
6161 19
6378 2
5412 20
5412 21
5412 22
5412 23
5412 24
6402 32
6402 33
6402 34
6402 35
6402 36
5390 46
5390 47
5390 48
5390 49
5390 50
5932 0
5932 1
5932 2
5932 3
5932 4
6347 0
6347 1
6347 2
6347 3
6347 4
6347 5
6347 6
6347 7
6347 8
6347 9
6347 10
6347 11
6347 12
6347 13
6347 14
6347 15
6347 16
6347 17
6347 18
6347 19
6347 20
6347 21
6347 22
6347 23
6347 24
6347 90
6347 91
6347 96
6347 98
6498 60
6498 61
6498 62
6498 63
6350 116
6350 117
6350 118
6350 119
6350 120
6360 77
6360 79
6360 80
6360 81
6360 83
5329 10
5329 11
5329 13
5329 14
5329 15
6346 1
6346 2
6346 3
6346 4
6346 5
6484 10
6484 11
6484 12
6484 13
6484 14
6539 13
6026 59
6026 60
6026 61
6026 63
5570 0
5570 1
5570 2
5570 3
5570 4
5570 5
5570 6
5570 7
5570 8
5570 9
5570 10
5570 11
5570 12
5570 13
5570 14
5570 15
5570 16
5570 17
5570 18
5570 19
5570 20
5570 21
5570 22
5570 23
5570 24
5570 25
5570 26
5570 27
5570 28
6177 64
6177 65
6177 66
6177 67
6177 68
5782 74
5782 75
5782 76
5782 77
5782 78
5782 79
5782 80
5782 81
5782 83
5782 84
5782 85
5782 86
5782 87
5782 88
5782 89
5782 90
5782 91
5782 92
5782 93
5782 94
5782 95
5782 96
5782 97
5782 98
5782 99
5782 100
5782 101
5782 102
5782 103
5782 104
5782 105
5782 106
5782 107
5782 108
5782 109
5782 148
5782 149
5782 155
6863 60
6863 61
6118 43
6118 44
6118 45
6118 46
6118 47
5018 0
5018 1
5018 2
5018 3
5018 4
6220 24
6220 25
6220 26
6220 27
6220 28
6879 113
6879 114
6879 115
6879 116
6879 117
6134 42
6409 10
6409 11
6409 14
6409 15
5328 65
5328 66
5328 67
5328 68
5328 69
5480 5
5480 6
5480 7
5480 8
5480 9
5924 30
5924 31
5924 32
5924 33
5924 34
5195 15
5195 16
5195 17
5195 18
5195 19
5982 36
5982 37
5982 38
5982 39
5982 40
5360 0
5360 1
5360 2
5360 3
5360 4
5390 1
5390 2
5390 5
6031 166
6031 174
6031 175
6031 176
6031 177
6031 178
6031 179
6031 180
6031 181
6031 182
6031 183
6031 184
6031 185
6031 186
6031 187
6031 188
6031 189
6031 190
6031 191
6031 192
6031 193
6031 194
6031 195
6031 196
6031 198
6031 199
6031 200
6031 201
6031 202
6031 203
6031 204
6031 206
6031 207
6031 208
6031 209
6031 210
6031 211
6031 212
6031 213
6031 214
6031 215
6031 218
6031 222
6638 16
6638 17
6638 18
6638 19
6840 25
6840 26
6840 27
6840 28
6840 29
6840 30
6840 31
6840 32
6840 33
6840 34
6840 35
6840 36
6840 37
6840 38
6840 39
6840 40
6840 41
6840 42
6840 43
6840 44
6840 45
6840 46
6840 47
6840 48
6840 49
6975 0
6975 1
6975 2
6975 3
6975 4
6975 5
6975 6
6975 7
6975 8
6975 9
6975 10
6975 11
6975 12
6975 13
6975 14
6975 15
6975 16
6975 17
6975 33
6374 9
6281 87
6281 88
6281 89
6281 90
6281 91
6281 92
6281 93
6281 94
6281 95
6281 96
6281 97
6281 98
6281 99
6281 100
6281 101
6281 102
6281 103
6281 104
6281 105
6281 106
6281 107
6281 108
6281 109
6281 110
6281 111
6281 112
6281 113
6281 114
6281 115
6281 116
6281 117
6281 118
6281 153
6281 154
6281 155
6281 156
6281 157
6281 158
6281 160
5706 5
5706 6
5706 7
5706 8
5706 9
5706 10
5706 11
5706 12
5706 13
5706 14
5706 20
5706 21
5706 22
5706 23
5706 24
5706 25
5706 26
5706 27
5706 28
5706 29
6478 133
6478 134
6478 135
6478 136
6478 137
6528 13
6528 14
6528 15
6528 16
6528 17
6528 18
6528 19
6528 20
6528 21
6528 22
6528 23
6528 24
6528 25
6528 26
6528 27
6528 28
6528 29
6528 30
6528 31
6220 48
6220 52
6334 50
6334 51
6334 52
6334 53
6334 54
6334 55
6334 56
6334 57
6334 58
6334 59
6334 60
6334 61
6334 62
6334 63
6334 64
6334 65
6334 66
6334 67
6334 68
6334 69
6334 70
6334 71
6334 72
6334 73
6334 74
6334 75
6334 76
6334 77
6334 79
6334 80
6301 64
6301 65
6301 66
6301 67
6301 68
6301 69
6301 73
6301 74
6301 75
6301 76
6301 77
6301 78
6301 79
6301 80
6301 81
6301 82
6301 83
6301 84
6301 85
6301 86
6301 87
6301 88
6301 89
6301 90
6301 91
6301 92
6301 93
6301 94
6301 95
6301 96
6301 97
6301 98
6301 99
6301 120
6301 121
6301 128
5059 7
5059 8
5059 9
5059 10
5059 12
5725 46
6201 0
6201 1
6201 2
6201 3
6201 4
6201 5
6201 6
6201 7
6201 8
6201 9
6201 10
6201 11
6201 12
6201 13
6201 14
6201 15
6201 16
6201 17
6201 18
6201 19
6201 20
6201 21
6201 22
6201 23
6201 24
6201 25
6201 26
6201 27
6201 28
6201 29
6201 30
6201 31
6201 32
6201 33
6201 34
6201 35
6201 36
6201 37
6201 38
6201 39
6201 40
6201 41
6201 42
6201 43
6201 44
6201 45
6201 46
6201 47
6201 77
6201 78
6201 79
5280 182
5280 183
5953 18
5953 20
5953 21
5953 22
6517 69
6881 150
6881 151
6881 152
6881 153
6881 154
6092 0
6092 1
6092 2
6092 3
6092 4
6092 5
6092 6
6092 7
6092 8
6092 9
6092 10
6092 11
6092 12
6092 13
6092 14
6092 15
6092 16
6092 17
6092 18
6092 19
6092 20
6092 21
6092 24
6092 27
6092 33
6092 35
6092 44
6092 47
6092 72
6092 73
6092 74
6092 85
6092 86
6092 150
6092 152
6092 179
6092 184
6092 185
6092 192
6092 193
6092 196
5574 45
5574 46
5574 47
5574 48
5574 49
5600 112
5600 113
5600 114
5600 115
5600 116
5600 119
5600 120
5600 121
5600 123
5600 124
5600 125
5600 126
5600 127
5600 128
5600 129
5600 130
5600 131
5600 132
5600 133
5600 134
5600 135
5600 136
5600 137
5600 138
5600 139
5600 140
5600 141
5600 142
5600 143
5600 145
5600 147
5600 171
5600 172
5600 180
5598 109
5598 110
5598 111
5598 113
5598 114
6497 0
6497 1
6497 2
6497 3
6497 4
6497 5
6497 6
6497 7
6497 8
6497 9
6497 10
6497 11
6497 12
6497 13
6497 14
5326 117
5326 118
5326 119
5326 120
5326 121
6444 0
6444 1
6444 2
6444 3
6444 4
6444 5
6444 6
6444 7
6444 8
6444 9
6444 10
6444 11
6444 12
6444 13
6444 14
6444 15
6444 16
6444 17
6444 18
5965 22
5965 23
5965 25
5965 26
5965 27
5376 20
5376 21
5376 22
5376 23
5376 24
5679 7
5679 8
5679 9
5679 10
5679 11
6179 99
6114 160
6114 161
6114 162
6114 163
6114 164
6047 0
6047 1
6047 2
6047 3
6047 4
5235 26
5235 27
5235 28
5235 30
5235 31
5588 40
5588 41
5588 42
5588 43
5588 44
5588 128
5588 129
5588 130
5588 131
5588 132
5588 174
5588 175
5588 176
5588 177
5588 178
5588 192
5588 193
5588 194
5588 195
5588 196
5588 197
5588 198
5588 199
5588 200
5588 201
4958 15
4958 16
4958 17
4958 18
4958 19
5339 70
5339 71
5339 72
5339 73
5339 74
6101 0
6101 1
6101 2
6101 3
6101 4
6101 5
6101 6
6101 7
6101 8
6101 9
6101 10
6101 11
6101 12
6101 13
6101 14
6101 15
6101 16
6101 17
6101 18
6101 19
6101 20
6101 21
6101 22
6101 23
6101 24
6101 25
6101 26
6101 27
6101 28
6101 29
6101 30
6101 31
6101 32
6101 33
6101 34
6101 35
6101 36
6101 37
6101 38
6101 44
6101 45
6101 46
6101 47
6101 48
6101 74
6101 76
5263 66
5263 67
5263 68
5263 69
5263 70
6776 104
6776 105
6776 106
6305 0
6305 1
6305 2
6305 3
6305 4
6305 5
6305 6
6305 7
6305 8
6305 9
6305 10
6305 11
6305 12
6305 13
6305 14
6305 15
6305 16
6305 17
6305 18
6305 19
6305 20
6305 21
6305 22
6305 23
6305 24
6305 25
6305 26
6305 27
6305 28
6305 29
6305 30
6305 31
6305 32
6305 33
6305 34
6305 35
6305 36
6305 37
6305 38
6305 39
6305 40
6305 41
6305 42
6305 43
6305 44
6305 46
5996 32
5996 34
5996 35
5996 36
5996 38
6056 25
6056 26
6056 32
6056 33
6056 34
5639 100
5639 101
5639 102
5639 103
5639 104
6417 190
6417 191
6417 192
6417 193
6417 194
6195 81
6195 82
6195 83
6195 84
6195 86
6146 0
6146 1
6146 2
6146 3
6146 4
6146 10
6146 11
6146 12
6146 13
6146 14
6146 15
6146 16
6146 17
6146 18
6146 19
6146 20
6146 21
6146 22
6146 23
6146 24
6146 25
6146 26
6146 32
6146 33
6146 34
6146 35
6146 36
6146 37
6146 38
6146 39
6146 40
6146 41
6146 42
6146 43
6146 44
6146 45
6146 46
6146 47
6146 48
6146 49
6146 50
6146 51
6146 52
6146 53
6146 54
6146 55
6146 56
6146 67
6146 68
6146 69
6146 70
6146 71
6146 72
6146 73
6146 74
6146 75
6146 76
6146 77
6146 78
6146 79
6146 80
6146 81
6146 82
6146 83
6146 84
6146 85
6146 86
6146 87
6146 88
6146 89
6146 90
6146 91
6146 92
5399 55
5399 56
5399 57
5399 58
5399 59
5147 9
5147 41
6095 5
6095 6
6095 7
5776 10
5776 11
5776 12
5776 13
5776 14
6958 175
6958 176
6958 177
6958 178
6958 192
5985 113
5985 114
5985 115
5985 116
5985 117
5985 118
5985 119
5985 120
5985 121
5985 122
5985 123
5985 124
5985 125
5985 126
5985 127
5985 128
5985 129
5985 130
5985 131
5985 132
5985 133
5985 134
5985 135
5985 136
5985 137
5985 141
5985 142
5985 143
5985 144
5985 145
5985 146
5985 147
5985 148
5985 149
5985 150
5985 151
5985 152
5985 153
5985 154
5985 155
5985 156
5985 157
5985 158
5985 159
5985 160
5985 161
5985 162
5985 163
5985 164
5985 165
5558 50
5558 51
5558 52
5558 53
5558 54
5055 62
5055 64
5055 65
5055 66
5055 67
6917 142
6917 143
6917 144
6917 145
6917 146
6917 147
6917 148
6917 149
6917 150
6917 151
6917 152
6917 153
6917 154
6917 155
6917 156
6917 157
6917 158
6917 159
6917 160
6917 161
6917 162
6915 20
6915 21
6915 22
6915 23
6915 24
6915 96
6915 97
6915 98
6915 99
6915 100
6915 102
6915 103
6915 104
6915 105
6915 106
6915 107
6915 108
6915 109
6915 115
6915 116
6915 117
6915 118
6915 119
6915 120
6915 126
6915 127
6915 147
6915 150
6915 151
6915 154
6915 169
6915 170
6915 171
6915 226
6915 231
6629 1
6629 8
6629 12
6776 58
6776 59
6776 60
6776 61
6776 62
6776 63
6776 64
6776 65
6776 66
6776 67
6776 68
6776 69
6776 70
6776 71
6776 72
6776 76
6776 90
6776 91
6776 93
6776 94
6776 95
6776 103
6776 107
6776 128
6776 129
6776 130
6776 131
6776 132
5444 15
5444 16
5444 17
5444 18
5444 19
5515 68
5515 69
5515 70
5515 71
5515 72
5515 73
5515 74
5515 75
5515 76
5515 77
5515 78
5515 79
5515 83
5515 84
5515 85
5515 86
5515 87
5515 88
5515 89
5515 93
5515 94
5515 95
5515 96
5515 97
5515 100
5515 101
5515 102
5515 103
5515 104
5515 105
5515 106
5515 107
5515 108
5515 109
5515 110
5515 111
5515 112
5515 113
5515 114
5515 189
5515 194
5515 195
5515 198
5515 212
5515 213
6024 105
5729 16
5729 19
5729 20
5729 23
5729 27
5729 66
5729 67
5729 68
5729 69
5729 70
5729 115
5729 119
5729 122
5729 123
5729 127
6203 85
6203 86
6203 87
6203 88
6203 89
5153 106
5153 109
6160 65
6160 66
6160 69
6160 70
6160 73
6527 207
6527 208
6527 209
6527 210
6527 211
6527 212
6527 213
6527 214
6527 215
6527 216
6527 217
6527 218
6527 219
6527 220
6527 221
6527 222
6874 5
6874 6
6874 7
6874 8
6874 9
5935 91
5935 92
5935 93
5935 94
5935 95
5948 15
5948 16
5948 17
5948 18
5948 19
4992 95
4992 97
4992 98
4992 99
4992 100
4992 101
4992 102
4992 103
4992 104
4992 106
4992 107
4992 108
4992 109
4992 110
4992 111
4992 112
4992 113
4992 114
4992 115
4992 116
4992 117
4992 118
4992 119
4992 120
4992 121
4992 122
4992 123
4992 125
4992 126
4992 127
4992 128
4992 129
4992 130
4992 131
4992 132
4992 133
4992 134
4992 135
4992 136
4992 137
4992 138
4992 139
4992 140
4992 141
4992 142
4992 143
4992 144
4992 145
4992 146
4992 147
6303 172
6303 174
6303 175
6303 177
6303 179
6303 181
6303 183
6303 184
6303 185
6303 186
6303 187
6303 188
6303 189
6303 190
6303 191
6303 195
6303 196
6303 197
6303 198
6303 199
6303 200
6303 201
6303 202
6303 203
6303 204
6303 205
6303 206
6303 207
6303 208
6303 209
6303 210
6138 96
6138 97
6138 98
6138 99
6138 100
6539 10
6539 11
6539 12
6763 0
6763 1
6763 2
6763 3
6763 4
6763 5
6763 6
6763 7
6763 8
6763 9
6763 14
6763 15
6763 77
5561 127
5561 128
5561 129
5561 135
5624 66
5624 67
5624 68
5624 69
5624 70
4967 38
4967 39
4967 40
4967 41
4967 42
6657 9
6657 10
6657 11
6657 12
6657 13
6919 199
6978 181
6978 182
6978 183
6978 184
6978 185
6978 186
6978 187
6978 188
6978 189
6978 190
6978 191
6978 192
6978 193
6978 194
6978 195
6978 196
6978 207
6933 85
6933 86
6933 87
6933 88
6933 89
6649 112
6649 113
6649 114
6649 115
6649 116
6582 52
6582 53
6582 54
6582 55
6582 56
6915 30
6915 31
6915 32
6915 33
6915 34
6915 35
6915 36
6915 37
6915 38
6915 39
6915 40
6915 41
6915 42
6915 43
6915 44
6915 45
6915 46
6915 47
6915 48
6915 49
6915 50
6915 51
6915 52
6915 53
6915 54
6915 55
6915 56
6915 57
6915 58
6915 60
6775 11
6775 12
6775 13
6775 16
6775 17
5598 63
6224 91
6224 92
6224 93
6224 94
6224 95
5719 17
5719 18
5719 19
5719 20
5719 21
5719 32
5719 33
5719 34
5719 35
5719 36
5719 52
5719 53
5719 54
5719 55
5719 56
5719 82
5719 83
5719 84
5719 86
5719 87
5329 16
5329 17
5329 18
5329 19
5235 66
5235 67
5235 68
5235 69
5235 70
5646 0
5646 1
5646 2
5646 3
5646 4
5646 5
5646 6
5646 7
5646 8
5646 9
5646 10
5646 11
5646 12
5646 13
5646 14
5646 15
5646 16
5646 17
5646 18
5646 19
5646 20
5646 21
5646 22
6341 140
6341 141
6341 142
6341 144
6341 145
6984 39
6984 40
6984 41
6984 42
6984 43
6138 64
6138 65
6138 66
6138 67
6138 68
5959 3
5959 4
5959 5
5959 6
5959 8
5480 30
5480 31
5480 32
5480 33
5480 34
5273 158
5273 159
5273 160
5273 161
5273 162
6374 10
6374 11
6374 12
6374 14
5329 20
5329 21
6118 66
6118 67
6118 68
6118 69
6118 70
5353 16
5353 17
5353 18
5353 19
5504 10
5504 11
5504 12
5504 13
5504 14
6544 190
6544 191
6544 198
6544 199
6544 200
6544 201
6544 203
6544 204
6544 205
6544 206
6544 207
6544 327
5919 2
5919 3
5919 7
6113 55
6113 56
6113 57
6113 68
6113 69
5464 0
5464 1
5464 2
5464 3
5464 4
6408 20
6408 22
6408 33
6408 34
6408 37
6341 127
5147 6
5147 19
5147 32
5147 53
5147 55
5465 10
5465 11
5465 12
5465 13
5130 89
5130 90
5130 92
5130 93
5130 94
6064 15
6064 16
6064 17
6064 18
6064 19
6134 32
6134 33
6134 34
6134 35
6134 36
6783 161
6783 162
6783 163
6783 164
6783 165
6783 166
6783 167
6783 168
6783 169
6783 170
6783 171
6783 172
6783 173
6783 174
6783 175
6783 176
6783 177
6783 178
6783 179
6122 89
6122 90
6122 91
6122 92
6122 93
6122 94
6122 95
6122 96
6122 97
6122 98
6122 99
6122 100
6122 101
6122 102
6122 103
6122 104
6122 105
6122 106
6122 107
6122 108
6122 109
6122 110
6122 111
6122 112
6122 113
6122 114
6122 115
6122 116
6122 117
6122 118
6122 119
6122 120
6122 121
6122 122
6122 123
6122 124
6122 125
6122 126
6122 127
6122 128
6122 129
6122 130
6122 131
6122 132
6122 133
5365 15
5365 16
5365 17
5365 18
5365 19
5941 0
5941 1
5941 2
5941 3
5941 4
5941 5
5941 6
5941 7
5941 8
5941 9
5941 10
5941 11
5941 12
5941 13
5941 14
5941 15
5941 16
5941 17
5941 18
5941 19
5941 20
5941 21
5941 22
5941 23
5941 24
5941 25
5941 26
5941 27
5941 28
5941 29
5941 30
5941 31
5941 32
5941 33
5941 34
5941 35
5941 36
6693 45
6616 65
6616 66
6616 69
6616 70
6616 72
6616 73
6616 74
6616 76
6616 77
6616 78
6616 83
6616 84
6616 85
6616 86
6616 87
6616 88
6616 89
6616 90
6616 91
6616 92
6616 93
6616 94
6616 95
6616 96
6616 97
6616 98
6616 99
6616 100
6616 101
6616 102
6623 0
6623 1
6623 2
6623 3
6623 4
6623 5
6623 6
6623 7
6623 8
6623 9
6623 10
6623 11
6623 12
6623 13
6623 14
6623 15
6623 16
6623 17
6623 18
6623 20
6998 55
6998 56
6998 57
6998 63
6998 70
6998 125
6998 126
6824 135
6824 136
6653 140
6653 141
6776 118
6776 119
6776 120
6776 121
6776 122
6810 25
6810 26
6810 27
6810 28
6810 29
6810 30
6810 31
6810 32
6810 33
6810 34
6810 35
6810 36
6810 37
6810 38
6810 39
6810 40
6810 41
6810 42
6810 43
6810 44
6810 45
6810 46
6810 47
6810 48
6810 49
6810 50
6810 51
6810 52
6810 53
6810 54
6655 10
6655 11
6655 12
6655 13
6655 14
6786 150
6786 151
6786 152
6786 153
5458 213
5458 214
5458 215
5458 216
5458 217
6475 58
6475 59
6475 60
6650 7
6650 8
6650 9
6650 10
6650 11
5344 36
5344 37
5344 38
5376 0
5376 1
5376 2
5376 3
5376 4
6156 26
6156 27
6156 28
6156 30
6156 31
5969 15
5969 16
5969 17
5969 18
5969 19
6285 15
6285 16
6285 17
6285 18
6285 19
6313 45
6313 46
6313 47
6313 48
6313 49
6349 63
5367 25
5367 26
5367 27
5367 28
5367 29
6235 117
6483 61
6483 64
6483 65
6483 66
6483 67
6483 68
6483 69
6483 70
6483 71
6483 72
6483 73
6483 76
6483 77
6483 78
6483 79
6483 80
6483 81
6483 82
6483 83
6483 84
6483 85
5278 111
5278 112
5278 113
6374 4
6789 133
6789 134
6789 135
6789 136
6789 137
6521 120
6521 124
5523 3
5523 4
5523 5
5523 6
5523 7
5519 128
5519 129
5519 150
5519 151
5519 152
6072 23
6072 24
6072 25
6072 26
6072 27
6095 18
6095 19
5506 10
5506 11
5506 12
5506 13
5506 14
5153 104
5153 107
5515 160
5515 161
5515 162
5515 163
5515 164
5515 165
5515 166
5515 167
5515 168
5515 169
5515 170
5515 171
5515 172
5515 173
5515 174
5515 175
5515 176
5515 177
5515 178
5515 179
5515 181
5515 182
5515 183
5515 184
5515 185
5515 200
5515 201
5515 202
5515 203
5515 204
5515 205
5515 206
5515 207
5515 208
5515 209
5515 220
5515 221
5515 222
5515 223
5515 224
5515 225
5281 15
5281 16
5281 17
5281 18
5281 19
6201 55
6201 56
6201 64
6201 65
6201 66
5935 0
5935 1
5935 2
5935 3
5935 4
5935 5
5935 6
5935 7
5935 8
5935 9
5935 10
5935 11
5935 12
5935 13
5935 14
5935 15
5935 16
5935 17
5935 18
5935 19
5935 20
5935 21
5935 22
5935 23
5935 24
5935 25
5935 26
5935 27
5935 28
5935 29
5935 30
5935 31
5935 32
5935 33
5935 34
5935 35
5935 36
5935 37
5935 38
5935 39
5935 40
5935 41
5935 42
5935 43
5935 44
5935 45
5935 46
5935 47
5935 48
5935 49
5935 50
5935 66
5935 67
5935 74
5935 77
5935 98
5935 99
5588 69
5588 70
5588 71
5588 72
5588 73
5184 46
5184 47
5184 48
5184 50
5184 51
6213 0
6213 1
6213 2
6213 3
6304 103
6304 104
6304 105
6304 106
6304 107
6304 108
6304 109
6304 110
6304 111
6304 112
6304 113
6304 114
6304 115
6304 116
6304 117
6304 118
6304 119
6304 120
6304 121
6304 122
6304 123
6304 124
6304 125
6304 126
6304 127
6304 128
6304 129
6304 130
6304 131
6304 132
6304 138
6304 139
6333 32
6333 35
6333 36
6333 39
6333 40
5695 4
5695 5
5695 6
5695 7
5695 8
6352 10
6352 11
6352 12
6352 13
6352 14
5531 0
5531 1
5531 2
5531 3
5531 4
5531 5
5531 6
5531 7
5531 8
5531 9
5531 10
5531 11
5531 12
5531 13
5531 14
5531 15
5531 16
5531 17
5531 18
5531 19
5531 20
5531 21
5531 22
5531 23
5531 24
5531 25
5531 26
5531 27
5531 28
5531 29
5531 30
5531 31
5531 32
5531 33
5531 34
6444 179
6444 180
6444 181
6444 182
6444 183
6157 69
6157 71
6157 72
6157 73
6157 74
4992 0
4992 1
4992 2
4992 3
4992 4
4992 5
4992 6
4992 7
4992 8
4992 9
4992 10
4992 11
4992 12
4992 13
4992 14
4992 15
4992 16
4992 17
4992 18
4992 19
4992 20
4992 21
4992 22
4992 23
4992 24
4992 25
4992 26
4992 27
4992 28
4992 29
4992 30
4992 31
4992 32
4992 33
4992 34
4992 35
4992 36
4992 37
4992 46
4992 50
4992 96
4992 105
4992 124
4992 152
4992 153
4992 168
4992 170
5576 0
5576 1
5576 2
5576 3
5576 4
5576 5
5576 6
5576 7
5576 8
5576 9
5576 10
5576 11
5576 12
5576 13
5576 14
5576 15
5576 16
5576 17
5576 18
5576 19
5576 20
5576 21
5576 22
5576 23
5576 24
5576 25
5576 26
5576 27
5576 28
5576 29
5576 30
5576 76
5576 77
5576 78
5576 79
5576 80
6134 7
6134 8
6134 9
6134 10
6134 12
6785 91
6785 92
6785 93
6785 94
6785 95
6785 96
6785 97
6785 98
6785 99
6785 100
6785 101
6785 102
6785 103
6785 104
5390 41
5390 42
5390 43
5390 44
5390 45
6354 124
6354 126
6853 170
6853 172
5437 140
5437 141
5437 142
5437 143
5437 144
5437 145
5437 146
5437 147
5437 148
5437 149
5437 150
5437 151
5437 152
5437 153
5437 154
5437 155
5437 156
5437 157
5437 158
5437 159
5437 160
5437 161
5437 162
5437 163
5437 164
5437 165
5437 166
5437 167
5437 168
5437 169
5437 170
5437 171
5437 172
5437 173
5437 174
6172 0
6172 1
6669 120
6669 121
6669 122
5755 14
5755 15
5755 16
5755 20
5755 23
6106 91
6106 92
6106 93
6106 94
6106 95
5263 62
6427 23
6427 26
6427 27
6427 28
6427 29
6427 30
6427 31
6427 32
6427 33
6427 34
6427 35
6427 36
6427 37
6427 38
6427 39
6427 40
6427 41
6427 42
6427 44
6427 45
6427 46
6427 47
6427 48
6427 50
6427 51
6427 54
6427 55
6427 64
6427 65
6427 66
6427 67
6427 68
6427 69
5564 0
5564 1
5564 2
5564 3
5564 4
5564 5
5564 6
5564 7
5564 8
5564 9
5564 10
5564 11
5564 12
5564 13
5564 14
5564 15
5564 16
5564 17
5564 18
5564 19
5564 20
5564 21
5564 22
5564 23
5564 24
5564 25
5564 26
5564 27
5564 28
5564 133
5564 134
6594 90
6812 20
6812 21
6812 22
6812 23
6812 24
6812 25
6812 26
6812 27
6812 28
6812 29
6812 30
6812 31
6812 32
6812 33
6812 34
6812 35
6812 36
6812 37
6812 38
6812 39
6880 42
6880 43
6880 44
6880 45
6880 47
6698 135
6698 136
6698 137
6698 138
6698 139
5522 5
5522 6
5522 7
5522 8
5522 9
6206 111
6206 112
6206 113
6206 114
6206 115
6934 185
6934 186
6934 187
6934 188
5393 55
5393 56
5393 57
5393 58
5393 59
6348 132
6348 133
6348 134
6348 135
6348 136
6348 137
6348 138
6348 139
6348 140
6348 141
6348 142
6348 143
6348 144
6348 145
6348 146
6348 147
6348 148
6348 149
6348 150
6348 151
6348 152
6348 153
6348 154
6348 155
6348 156
6348 157
6348 158
6348 159
6348 160
6348 161
6305 61
6229 15
6229 16
6229 17
6229 18
6229 19
6695 57
5966 108
5966 109
5966 110
5966 111
5966 112
5966 113
5966 114
5966 115
5966 116
5966 117
5966 118
5966 119
5966 120
5966 121
5966 122
5966 123
5966 124
5966 125
5966 126
5966 127
5966 128
5966 129
5966 130
5966 131
5966 132
5966 133
5966 134
5966 135
5966 136
5966 137
5966 138
5966 139
5966 140
5966 141
5966 142
5966 143
5966 144
5896 10
5896 11
5896 12
5896 13
5896 14
6020 0
6020 1
6020 2
6020 3
6020 4
6020 5
6020 6
6020 7
6020 8
6020 9
6020 10
6020 11
6020 12
6020 13
6020 14
6020 15
6020 16
6020 17
6020 18
6020 19
6020 20
6020 69
6160 30
6160 31
6160 32
6160 33
6160 34
5521 69
5521 70
5521 71
5521 72
5521 73
5339 75
5339 76
5339 77
5339 78
5339 79
5982 51
5982 52
5982 53
5982 54
5982 55
5235 21
5235 22
5235 23
5235 24
5235 25
5147 0
6385 0
6385 1
6385 2
6354 125
6354 127
6147 25
6147 26
6147 27
6147 28
6147 29
5445 15
5445 16
5445 17
5445 18
5445 19
6450 5
6450 6
5269 14
5269 15
5269 16
5269 17
5269 18
6401 87
6401 88
6401 96
6401 97
6401 98
5436 127
6506 8
6506 9
6506 10
6506 11
6506 12
6506 13
6506 14
6506 15
6506 16
6506 17
6506 18
6506 19
6506 20
6506 21
6506 22
6506 23
6506 24
6506 25
6506 27
6506 31
6308 0
6308 1
5375 30
5375 31
5375 32
5375 33
5375 34
6966 10
6966 11
6888 160
6888 161
6888 162
6888 163
6888 164
6697 127
6640 109
6640 110
6640 111
6640 112
6640 113
6640 114
6640 115
6640 116
6640 117
6640 118
6640 119
6640 120
6640 121
6640 122
6640 123
6640 124
6640 125
6640 126
6640 127
6640 128
6640 129
6640 130
6640 131
6640 132
6465 0
6465 1
6465 2
6465 3
6465 4
6024 91
6024 92
5588 180
5588 181
5588 182
5588 183
5588 184
6562 31
6562 32
6562 33
6562 34
6562 35
6562 36
6562 37
6562 38
6562 39
6562 40
6562 41
6562 42
6562 43
6562 44
6562 45
6562 46
6562 47
6562 48
6562 49
6562 50
6118 48
6118 49
6118 56
6118 57
6118 60
6299 64
6299 65
6299 66
6299 67
6299 68
5966 64
5966 65
5966 66
5966 67
5966 68
5966 69
5966 70
5966 71
5966 72
5966 73
5966 74
5966 75
5966 76
5966 77
5966 78
5966 83
5966 84
5966 85
5966 86
5966 87
5966 88
5966 89
5966 90
5966 91
5966 92
5966 93
5966 94
5966 95
5966 96
5966 97
5966 98
5966 99
5966 100
5966 101
5966 102
5966 103
5966 104
5966 105
5966 106
5966 107
5996 64
5996 65
5996 66
5996 67
5996 68
5445 50
5445 51
5445 52
5445 53
5445 54
5445 40
5445 41
5445 42
5445 43
5445 44
5273 136
5273 137
5273 138
5273 139
5273 140
6419 2
5710 24
5710 25
5710 26
5710 27
5710 28
6619 41
6619 64
6619 65
6619 66
6619 67
6412 0
6412 1
6412 2
6412 3
6412 4
6412 5
6412 6
6412 7
6412 8
6412 9
6412 10
6412 11
6412 12
6412 13
6412 14
6412 15
6412 16
6412 17
6412 18
6412 19
6412 20
6412 21
6412 22
6412 23
6412 24
6412 25
6412 26
6412 27
6412 28
6412 29
6412 30
6412 31
6412 32
6412 33
6412 34
6412 35
6412 36
6412 37
6412 38
6412 39
6827 20
6827 21
6827 22
6827 23
6827 24
6827 25
6827 26
6827 27
6827 28
6827 29
6827 30
6827 31
6827 32
6827 33
6827 34
6827 35
6827 36
6827 37
6827 38
6827 39
5600 149
5600 156
5600 158
6836 60
6836 61
6836 62
6836 63
6836 64
6812 0
6812 1
6812 2
6812 3
6812 4
6812 5
6812 6
6812 7
6812 8
6812 9
6812 10
6812 11
6812 12
6812 13
6812 14
6812 15
6812 16
6812 17
6812 18
6812 19
6837 80
6837 81
6837 82
6837 83
6837 84
6837 85
6837 86
6837 87
6837 88
6837 89
6837 90
6837 91
6837 92
6837 93
6837 94
6837 95
6837 96
6837 97
6837 98
6837 99
6579 15
6579 16
6579 17
6579 18
6579 19
6579 20
6579 21
6579 22
6579 23
6579 24
6579 25
6579 26
6579 27
6579 28
6579 29
6579 30
6579 31
6579 32
6579 33
6579 34
6579 35
6579 36
6579 37
6579 96
6579 99
6985 71
6985 72
6985 73
6985 74
6985 75
6934 27
6934 29
6934 31
6934 32
6934 33
6934 34
6934 35
6934 36
6934 37
6934 38
6934 39
6934 40
6934 41
6934 42
6934 43
6934 51
6934 52
6934 53
6934 106
6934 130
6934 131
6934 151
6934 156
6934 158
6934 159
6787 106
6787 107
6787 108
6787 109
6787 110
6787 111
6787 112
6787 113
6787 114
6787 115
6787 116
6787 117
6787 118
6787 119
6787 120
6787 121
6787 122
6787 123
6787 124
6787 125
6787 126
6787 127
6787 217
6787 218
6787 219
6787 220
6787 221
6787 233
6787 234
6787 235
6787 236
6787 237
6787 238
6787 239
6787 240
6787 241
6787 242
5499 130
5499 131
5499 132
5499 133
5499 134
5499 135
5499 136
5499 137
5499 138
5499 139
5499 140
5499 141
5499 142
5499 143
5499 144
5499 145
5499 146
5499 147
5499 148
5499 149
5499 150
5499 151
5499 152
5499 153
5499 154
5499 155
5499 156
5499 157
5499 158
5499 159
5499 160
5499 161
5499 162
5499 163
5499 164
5499 165
5499 166
5499 167
5499 168
5499 169
5499 170
5499 171
5499 172
5499 173
5499 174
5394 5
5394 6
5394 7
5394 8
5394 9
5777 5
5777 6
5777 7
5777 8
5777 9
6106 52
6106 53
6106 54
6106 55
6106 57
6497 128
6497 129
6497 130
6497 131
6497 132
6497 134
6497 135
6497 136
6497 137
6497 138
6497 139
6497 140
6497 141
6497 142
6497 143
5918 25
5918 26
5918 27
5918 28
5918 29
5518 0
5518 2
5518 4
5518 5
5518 6
5017 0
5017 1
5017 2
5017 3
5017 4
6354 119
6354 120
6354 121
6354 122
6354 123
6176 0
6176 1
6176 2
6176 3
6176 4
6176 5
6176 6
6176 7
6176 8
6176 9
6176 10
6176 11
6176 12
6176 13
6176 14
6176 15
6176 16
6176 17
6176 18
6176 19
6176 20
6176 21
6176 22
6176 23
6176 24
6176 25
6176 26
6176 27
6176 28
6176 29
6176 30
6176 31
6176 32
6176 33
6176 34
6176 36
6176 37
6176 39
6176 42
6176 71
6176 89
6176 128
6176 141
6176 165
6176 169
5705 5
5705 6
5705 7
5705 8
5705 9
4962 0
4962 1
4962 2
4962 3
4962 4
4962 5
4962 6
4962 7
4962 8
4962 9
4962 10
4962 11
4962 12
4962 13
4962 14
4962 15
4962 16
4962 17
4962 18
4962 19
4962 20
4962 21
4962 22
4962 23
4962 24
4962 25
4962 26
4962 27
4962 28
4962 29
4962 30
4962 31
4962 32
4962 33
4962 34
4962 35
4962 36
4962 37
4962 38
4962 39
4962 40
4962 41
4962 42
4962 43
4962 44
4962 45
4962 46
4962 47
4962 48
4962 49
4962 50
5975 59
5975 60
5975 61
5975 62
5975 63
6243 5
6243 6
6243 7
6134 13
6134 14
6134 16
5485 30
5485 31
5485 32
5485 33
5485 34
5031 82
5031 83
5031 84
5031 85
5031 86
5722 13
5722 14
5722 17
5722 18
5722 19
5375 5
5375 6
5375 7
5375 8
5375 9
5375 10
5375 11
5375 12
5375 13
5375 14
5375 20
5375 21
5375 22
5375 23
5375 24
5375 45
5375 46
5375 47
6571 149
6571 150
6571 151
6571 152
6571 161
6571 162
6571 163
6571 164
6571 165
6571 166
6571 167
6571 168
6571 169
6571 170
6571 171
6571 172
6571 173
6571 174
6571 175
6571 208
6182 93
6182 94
6182 95
6182 96
6182 97
6664 69
6664 70
6664 71
6664 72
6664 73
6664 74
6664 75
6664 76
6664 77
6664 78
6664 79
6664 80
6664 81
6664 82
6664 83
6664 84
6664 85
6664 86
6664 87
6664 88
6664 89
6664 90
6073 100
6073 101
6073 102
6073 103
6073 104
6450 22
6450 23
6450 24
6450 25
6450 26
6378 32
6378 33
6378 34
6378 35
6378 36
6401 91
6401 92
6401 93
6401 95
6337 18
6337 19
6337 25
6337 29
6337 49
6383 68
6383 69
6383 70
6383 71
6383 73
6529 20
6529 21
6529 22
6529 23
6529 24
6529 25
6529 26
6529 27
6529 28
6529 29
6529 30
6529 31
6529 32
6529 33
6529 34
6529 35
6529 36
6529 37
6529 38
5501 25
5501 26
5501 27
5501 28
5501 29
6885 0
6885 1
6885 2
6885 3
6885 4
6885 5
6885 6
6885 7
6885 8
6885 9
6885 10
6885 11
6885 12
6885 13
6885 14
6885 15
6885 16
6885 17
6885 18
6885 19
6885 20
6885 21
6885 22
6885 23
6885 24
6885 25
6885 26
6885 32
6885 33
5643 20
5643 21
5643 22
5643 23
5643 24
5505 0
5505 1
5505 2
5505 3
5505 4
6147 32
6147 33
6147 36
6147 37
6147 40
6524 43
6524 45
5133 41
5133 42
5133 43
5133 44
5133 46
5344 30
5344 31
6150 6
6150 7
6150 8
6150 9
6150 10
5382 204
5382 205
5382 206
5382 207
5382 208
6140 76
6140 77
6140 78
6140 79
6140 80
6558 139
6558 140
6558 141
6558 142
6558 143
6149 142
6149 143
6149 144
6149 145
6149 146
5068 59
5068 60
5068 61
5068 62
5068 63
5068 64
5068 65
5068 66
5068 67
5068 68
5068 69
5068 70
5068 71
5068 72
5068 73
5068 74
5068 75
5068 76
5068 77
5068 78
5068 79
5068 80
5068 81
5068 82
5068 83
5068 84
5068 85
5068 86
5068 87
5068 88
5068 89
5068 90
5068 91
5068 92
5068 93
5388 30
5388 31
5388 32
5388 33
5388 34
5390 13
5390 14
5390 15
5390 16
5390 17
5437 95
5437 96
5437 97
5437 98
5437 99
6349 49
6349 50
5915 123
5915 124
5915 125
5915 126
5915 127
5184 52
5184 53
5184 54
5184 55
5184 56
5351 18
5351 19
5351 20
5351 21
5351 22
6011 92
6011 93
6011 94
6011 95
6011 96
5914 128
5914 129
5914 130
5914 131
5914 132
5915 57
5915 58
5915 59
5915 60
5915 61
5915 62
5915 63
5915 64
5915 65
5915 66
5915 67
5915 68
5915 69
5915 70
5915 71
5915 72
5915 73
5915 74
5915 75
5915 76
5915 77
5915 78
5915 79
5915 80
5915 81
5915 82
5915 83
5915 84
5915 85
5915 86
5915 87
5915 88
5915 89
5915 90
5915 91
5915 92
5915 93
5915 94
5915 95
5915 96
5915 97
5915 98
5915 100
5915 101
5915 102
6549 100
6549 101
6549 102
6549 103
6549 104
6549 105
6549 106
6549 107
6549 108
6549 109
6549 110
6549 111
6549 112
6549 113
6549 114
6149 137
6149 138
6149 139
6149 140
6149 141
6944 24
6944 25
6944 26
5385 150
5385 151
5385 152
5385 153
5385 154
5385 155
5385 156
5385 157
5385 158
5385 159
5385 160
5385 161
5385 162
5385 163
5385 164
5385 165
5385 166
5385 167
5385 168
5385 169
5385 170
5385 171
5385 172
5385 173
5385 174
5385 180
5385 181
5385 182
5385 183
5385 184
5385 185
5385 186
5385 187
5385 188
5385 189
5385 190
5385 191
5385 192
5385 193
5385 194
5385 195
5385 196
5385 197
5385 198
5735 15
5735 16
5735 17
5735 18
5735 19
5427 15
5427 16
5427 17
5427 18
5427 19
5705 54
5705 55
5705 98
5705 99
5705 102
6442 36
6513 0
6513 1
6513 2
6513 3
6513 4
5932 15
5932 16
5932 17
5932 18
5932 19
5134 15
5134 20
5134 25
5134 30
5153 65
5153 66
5153 67
5153 68
5153 69
6916 119
6916 120
6916 121
6916 122
6916 123
6916 124
6916 125
6916 126
6916 127
6916 128
6916 129
6916 132
6916 133
6916 134
6916 138
6916 139
6916 140
6916 143
6916 144
6916 188
6916 240
6172 8
6172 11
6172 12
6172 13
6172 16
6563 52
6563 53
6563 54
6563 55
6563 56
6563 57
6563 58
6563 59
6563 61
6563 70
6563 71
6563 72
6563 73
6563 74
6563 110
6563 112
6563 113
6563 114
5229 0
5229 1
5229 2
5229 3
5229 4
5229 5
5229 6
5229 7
5229 8
5229 9
5229 10
5229 11
5229 12
5229 13
5229 14
5229 15
5229 16
5229 17
5229 18
5229 19
5229 20
5229 21
5229 22
5229 23
5229 24
5229 25
5229 26
5229 27
5229 28
5229 29
5229 30
5229 31
5229 32
5229 33
5229 34
5229 35
5229 36
5229 37
5229 38
5229 39
5229 43
5229 49
5229 56
5229 84
5229 85
6957 149
6957 150
6957 151
6957 152
6957 153
6957 154
6957 155
6957 156
6957 157
6957 158
6957 159
6957 160
6957 161
6957 162
6957 163
6957 164
6957 165
6957 166
6957 167
6957 168
6957 169
5546 5
5546 6
5546 7
5546 8
6949 93
5906 40
5906 41
5906 42
5906 43
5906 44
5906 45
5906 46
5906 47
5906 48
5906 49
5906 50
5906 51
5906 52
5906 53
5906 54
5906 55
5906 56
5906 57
5906 58
5906 59
5906 60
5906 61
5906 62
5906 63
5906 64
5906 65
5906 66
5906 67
5906 68
5906 69
5906 70
5906 71
5906 73
5906 74
5906 109
5906 132
5906 133
5906 135
5906 136
5906 137
5235 59
5235 60
5235 61
5235 62
5235 63
5511 5
5511 6
5511 7
5511 8
5511 9
6528 0
6528 1
6528 2
6528 3
6528 4
6528 5
6528 6
6528 7
6528 8
6528 9
6528 10
6528 11
6528 12
6528 48
6528 49
6528 54
6528 59
6528 64
6528 68
6528 80
5427 20
5427 21
5427 22
5427 23
5427 24
5371 36
5371 37
5371 38
5371 39
5371 40
6437 0
6278 43
6278 44
6278 45
6278 46
6278 47
5139 86
5139 87
5139 90
5139 91
5139 92
5533 15
5533 16
5533 17
5533 18
5533 19
6571 203
6571 207
5653 62
5653 63
5647 40
5647 41
5647 42
5647 43
5647 44
6155 1
6155 2
6992 11
6992 12
6992 13
6992 14
6992 15
6475 63
5660 10
5660 11
5660 12
5136 34
5136 36
5136 37
5136 38
5136 39
6213 27
6213 28
6213 29
6213 30
6213 31
5013 50
5013 51
5013 52
5013 53
5013 54
5013 55
5013 56
5013 57
5013 62
5013 63
5013 64
5013 65
5013 66
5013 67
5013 72
5013 73
5013 74
5013 75
5013 76
5013 77
5013 78
5013 79
5013 80
5013 81
5013 82
5013 87
5013 88
5013 89
5013 90
5013 91
5013 92
5013 97
5013 98
5013 99
5013 100
5013 101
5013 102
5013 117
5013 122
5013 127
5013 132
5013 137
5013 142
5013 147
5013 152
5013 157
5013 162
5573 76
5573 77
5573 78
5573 79
5573 80
6347 173
6347 174
6347 175
6347 176
6347 177
5923 48
5923 49
5969 5
5969 6
5969 7
5969 8
5969 9
6564 81
6564 82
6564 83
6564 84
6564 85
6564 86
6564 87
6564 88
6564 89
6564 90
6564 91
6564 92
6564 93
6564 94
6564 95
6564 96
6564 186
6564 187
6564 219
6564 220
5044 80
5044 81
5044 82
5044 99
5044 101
5606 56
5606 57
5606 58
5606 59
5606 60
5333 65
5333 66
5333 67
5333 68
5333 69
6526 36
6526 39
6526 40
6526 41
6526 42
6526 43
6526 44
6526 45
6526 46
6526 47
6526 48
6526 49
6526 50
6526 51
6526 54
5538 25
5538 26
5538 27
5538 28
5538 29
5239 14
5239 18
5239 21
5239 25
5637 98
5637 99
5637 100
5637 101
5637 107
4967 33
4967 34
4967 35
4967 36
4967 37
5948 54
5948 55
6052 96
6052 99
6052 100
6052 103
6052 104
5705 43
5705 44
5705 48
5705 94
5705 95
5705 96
5705 97
5705 100
5705 112
5705 113
5705 114
5705 115
5705 116
5705 191
6308 34
6308 35
6308 36
6308 37
6308 38
5561 90
5561 91
5561 92
5561 93
5561 94
6528 160
6528 161
6528 162
6528 163
6528 164
5353 30
5353 31
5353 32
5353 33
5353 34
5074 0
5074 1
5074 2
5074 3
5074 4
5772 5
5772 6
5772 7
5772 8
5772 9
6798 108
6798 109
6798 110
6798 111
6798 115
6798 116
6798 117
6798 118
6798 119
6798 120
6798 121
6798 122
6798 123
6798 124
6798 125
6798 126
6798 127
5519 170
5519 171
5519 172
5519 173
5519 176
5364 90
5364 91
5364 92
5364 93
5364 94
5364 95
5364 96
5364 97
5364 98
5364 99
5364 101
5364 102
5364 103
5364 104
5364 105
5364 110
5364 111
5364 118
5364 119
5364 120
5364 121
5364 122
5364 123
5364 124
5364 125
5364 126
5364 127
5364 128
5364 129
5914 0
5914 1
5914 2
5914 3
5914 4
5914 5
5914 6
5914 7
5914 8
5914 9
5914 10
5914 11
5914 12
5914 13
5914 14
5914 15
5914 16
5914 17
5914 18
5914 19
5914 20
5914 21
5914 22
5914 23
5914 24
5914 25
5914 26
5914 27
5914 28
5914 29
5914 30
5914 31
5914 32
5914 33
5914 34
5914 35
5914 36
5914 37
5914 38
5914 39
5914 40
6489 16
6489 17
6489 18
6489 19
6489 20
6489 21
6489 22
6489 23
6489 24
6489 25
6489 26
6489 27
6489 28
6489 29
6489 30
6489 31
5727 7
5727 10
5727 11
5727 13
5727 14
5727 15
5727 16
5727 18
5727 19
5727 20
5727 21
5727 22
5727 23
5727 24
5727 25
5727 26
5727 27
5727 28
5727 29
5727 30
5727 35
5727 39
5727 43
5727 47
5727 58
6227 5
6227 6
6227 7
6227 8
6227 9
5770 0
5770 1
5770 2
6922 217
6922 218
6922 219
6922 220
6922 221
5932 25
5932 26
5932 27
5932 28
5932 29
6801 224
6801 225
6548 14
6548 16
6548 17
6548 19
6548 20
6548 21
6548 23
6548 24
6548 25
6548 26
6548 27
6548 28
6548 32
6548 34
6548 35
6548 36
6336 26
6336 30
6336 36
5499 190
5499 191
5499 197
5499 198
5499 199
6559 97
6559 98
6559 100
6559 101
6559 102
5909 64
5909 65
5909 66
5909 67
5909 68
5065 0
5065 1
5065 2
5065 3
5065 4
5065 5
5065 6
5065 7
5065 8
5065 9
5065 10
5065 11
5065 12
5065 13
5065 14
5065 15
5065 16
5065 17
5065 18
5065 19
5065 20
5065 21
5065 22
5065 23
5065 24
5065 25
5065 26
5065 27
5065 28
5065 29
5065 30
6382 172
6382 174
6382 175
6382 177
6382 178
6382 179
6382 180
6382 181
6382 182
6382 183
6382 184
6382 185
6382 186
6382 187
6382 188
6382 189
6382 190
6382 191
6382 192
6382 193
6382 194
6382 195
6382 196
6382 197
6382 198
6382 199
6382 200
6382 201
6382 202
6382 203
6382 204
6382 205
6382 206
6382 207
6881 28
6881 99
6881 109
6881 138
6835 110
6835 111
6835 112
6835 113
6835 114
6835 115
6835 116
6835 117
6835 118
6835 119
6672 0
6672 1
6672 2
6672 3
6672 4
6672 5
6672 6
6672 7
6672 8
6672 9
6672 10
6672 11
6672 12
6672 13
6672 14
6672 15
6672 16
6672 17
6672 18
6672 19
6672 20
6672 21
6672 22
6672 23
6672 24
6672 25
6672 26
6672 27
6672 28
6672 29
6672 30
6672 31
6672 32
6672 33
6617 0
6617 1
6617 2
6617 3
6617 4
6942 41
6942 42
6942 44
6942 45
6942 46
6942 47
6942 48
6942 49
6942 50
6942 51
6942 52
6942 53
6942 54
6942 56
6942 57
6942 58
6942 59
6942 60
6942 61
6942 62
6942 63
6942 64
6970 52
6267 0
6267 1
6267 2
6267 3
6267 4
6267 5
6267 6
6267 7
6267 8
6267 9
6267 10
5227 32
5227 34
5227 37
5227 38
5227 39
6098 144
6098 148
6098 151
5705 64
5705 65
5705 66
5705 67
5705 164
6151 95
5154 165
5281 60
5597 52
5597 53
5597 54
5597 55
5597 56
5425 20
5425 21
5425 22
5425 23
5425 24
5971 132
5971 139
6118 92
6118 93
6118 94
6118 95
6118 96
6118 97
6118 98
6118 99
6118 100
6118 101
6118 102
6118 103
6118 104
6118 105
6118 106
6118 107
6118 108
6118 109
6118 110
6118 111
6118 112
6118 113
6118 114
6118 115
6118 116
6118 117
6118 118
6118 119
6118 121
6118 122
6118 123
6118 124
6118 125
6118 126
6118 127
6118 128
6118 129
6118 130
6118 131
6118 132
6118 133
6118 134
6118 140
6118 141
6118 150
6118 151
6118 152
5755 0
5755 1
5755 2
5755 4
5755 6
6912 120
6912 121
6912 122
6912 128
6912 129
5339 110
5339 111
5339 112
5339 113
5339 114
6945 210
6945 213
6945 214
6945 215
6945 216
6945 217
6945 218
6945 219
6945 220
6945 221
6945 222
6945 223
6945 224
6945 225
6945 238
6198 176
6198 178
6198 179
6198 180
6198 181
6198 182
6198 183
6198 184
6198 185
6198 186
6198 187
6198 188
6198 189
6198 190
6198 191
6198 198
6198 199
6198 200
6198 201
6198 202
6198 203
6198 204
6198 205
6198 206
6198 207
6198 208
6198 209
6198 210
6198 211
6198 212
6198 213
6198 214
6198 215
6198 216
6198 217
6198 218
6198 219
6198 220
6198 221
6198 222
6198 223
6870 12
6369 123
6369 124
6369 125
5328 50
5328 51
5328 52
5328 53
5328 54
6153 7
6153 8
6153 9
6153 10
6153 11
5089 35
5089 36
5089 37
5089 38
5089 39
6227 31
6227 37
6871 192
6871 200
6871 201
6871 202
6871 203
6224 111
6224 112
6224 113
6224 114
6224 115
6073 65
6073 66
6073 67
6073 68
6073 69
5979 145
5979 146
5979 148
5979 149
5979 150
6901 141
6901 142
6901 147
6901 148
6423 0
6423 1
6423 2
6423 3
6423 4
6423 5
6423 6
6423 7
6423 8
6423 9
6423 10
6423 11
6423 12
6423 13
6423 14
6423 15
6423 16
6423 17
6423 18
6423 19
6423 20
6423 21
6423 22
6423 23
6423 24
6423 25
6423 26
6423 27
6423 28
6423 29
6423 30
6423 31
6423 42
6423 44
6423 49
6525 0
6525 1
6525 2
6525 3
6525 4
6525 5
6525 6
6525 7
6525 8
6525 9
6525 10
6525 11
6525 12
6525 13
6525 14
6525 15
6525 16
6525 17
6525 18
6525 19
6958 125
6958 126
6958 127
6958 128
6958 129
6958 130
6958 131
6958 132
6958 133
6958 134
6958 135
6958 136
6958 147
6958 148
6958 149
6958 150
6958 151
6698 148
6698 149
6698 150
6698 151
6888 20
6888 21
6888 22
6888 23
6888 24
6888 42
6888 43
6888 44
6888 45
6888 46
6888 112
6888 113
6888 114
6888 115
6888 116
6888 117
6888 118
6888 119
6888 122
6888 123
6888 124
6888 125
6888 126
6888 127
6888 171
6888 172
6888 178
6888 179
6888 189
6888 200
6888 201
6888 202
6888 203
6214 31
6214 32
6214 33
6214 34
6214 35
6056 20
6056 21
6056 22
6056 23
6056 24
6560 58
5695 9
5695 10
5695 11
5695 12
5695 13
5695 18
5695 20
5695 21
5695 22
5695 32
5326 132
5326 133
5326 134
5326 135
5367 11
5367 40
5367 41
5367 42
5367 43
5504 15
5504 16
5504 17
5504 18
5504 19
6278 10
6278 11
6278 12
6278 13
6278 14
6497 15
6497 16
6497 17
6497 18
6497 19
6497 20
6497 21
6497 22
6497 23
6497 24
6497 25
6497 26
6497 27
6497 28
6497 29
5480 10
5480 11
5480 12
5480 13
5480 14
5061 137
5061 138
5061 140
5061 141
5061 142
5707 0
5707 1
5707 2
5707 3
5707 4
6224 86
6224 87
6224 88
6224 89
6224 90
5147 28
6669 75
6669 76
6669 77
6669 78
6669 80
6669 81
6669 82
6669 83
6669 84
6669 85
6669 86
6669 87
6669 88
6669 89
6669 90
6669 91
6669 92
6669 93
6669 94
6669 95
6669 96
6669 97
6669 98
6669 99
6669 100
6669 101
6669 102
6669 103
6669 104
6594 110
6594 111
6594 112
6594 113
6594 114
6564 133
6564 134
6564 135
6564 136
6564 137
6564 141
6564 142
6564 143
6564 144
6564 145
6564 146
6564 148
6564 149
6564 150
6564 151
5703 25
5703 26
5703 32
5703 33
5703 34
5703 51
5703 54
5703 55
5703 58
5703 59
5455 122
5455 123
5455 124
5455 125
5455 126
6075 46
6075 47
6075 48
6075 49
6075 50
6442 38
6442 39
6442 40
6442 41
6442 42
5229 51
5229 64
5229 66
5229 70
5229 72
6046 103
6046 104
6046 105
6046 153
6046 154
5686 1
5686 2
5686 3
5686 4
5686 5
5686 6
5686 7
5686 8
5686 9
5686 10
5686 16
5686 17
5686 18
5686 19
5686 20
5353 35
5353 36
5353 37
5353 38
5353 39
5412 95
5412 96
5412 97
5412 98
5412 99
5412 100
5412 101
5412 102
5412 103
5412 104
5412 105
5412 106
5412 107
5412 108
5412 109
5412 110
5412 111
5412 112
5412 113
5412 114
5412 115
5412 116
5412 117
5412 118
5412 119
5412 120
5412 121
5412 122
5412 123
5412 124
5412 125
5412 126
5412 127
5412 128
5412 129
5412 130
5412 131
5412 132
5412 133
5412 134
5412 135
5412 136
5412 137
5412 138
5412 139
5894 106
5894 107
5894 108
5894 109
5894 110
5143 26
5143 27
5143 28
5143 29
5143 30
6130 0
6130 1
6130 2
6130 3
6130 4
6130 5
6130 6
6130 7
6130 8
6130 9
6130 10
6130 11
6130 12
6130 13
6130 14
5602 0
5602 1
5602 2
5602 3
5602 4
5602 5
5602 6
5602 7
5602 8
5602 9
5602 10
5602 11
5602 12
5602 13
5602 14
5602 15
5602 16
5602 17
5602 18
5602 19
5602 20
5602 21
5602 22
5602 23
5602 24
5602 25
5602 26
5602 27
5602 28
5602 29
5602 30
5602 31
5602 32
5602 33
5602 34
5602 35
5602 36
5602 37
5602 38
5602 39
5602 54
5602 55
5602 56
5602 68
5602 86
5602 87
5602 92
6502 74
6502 75
6502 76
6502 77
6502 78
6502 79
6502 80
6502 81
6502 82
6502 83
6502 84
6502 85
6502 86
6502 134
6502 135
6430 5
6430 8
6430 9
6430 12
6430 13
6502 45
6502 46
6502 47
6502 48
6502 49
6502 50
6502 51
6502 52
6502 53
6502 57
6502 64
6502 70
6502 71
6502 72
6502 73
4957 122
4957 123
4957 124
4957 125
4957 126
6551 85
6551 86
6551 87
6551 88
6551 89
6551 90
6551 91
6551 92
6551 93
6551 94
6551 95
6551 96
6551 97
6551 98
6551 99
6551 100
6551 101
6551 102
6551 103
6551 104
6315 16
6315 17
6315 19
6315 20
6315 21
6467 28
6467 29
6467 30
6467 31
6467 32
6467 33
6467 34
6467 35
6467 36
6467 37
6467 38
6467 39
6467 40
6467 41
6467 73
6467 75
6467 122
6467 123
6467 125
6467 155
6467 156
6467 157
6467 159
6467 160
5947 97
5947 101
5947 103
5947 104
5947 105
5947 106
5947 107
5947 108
5947 109
5947 110
5947 111
5947 112
5947 113
5947 114
5947 115
5947 116
5947 117
5947 119
5947 120
5947 121
5947 122
5947 123
5947 124
5947 125
5947 126
5947 127
5947 128
5947 129
5947 130
5947 131
5947 132
5947 133
5947 134
5947 138
5947 140
5947 142
5947 153
5947 154
5947 155
5575 0
5575 1
5575 2
5575 3
5575 4
5575 5
5575 6
5575 7
5575 8
5575 9
5575 10
5575 11
5575 12
5575 13
5575 14
5575 15
5575 16
5575 17
5575 18
5575 19
5575 20
5575 21
5575 22
5575 23
6096 14
6096 15
5130 59
5130 60
5130 67
5130 68
5130 69
6063 40
6063 42
6063 43
6063 45
6063 46
6179 61
6179 62
6179 63
6096 27
6096 28
6096 29
6096 32
6096 33
5966 145
5966 146
5966 147
5966 148
5966 149
5966 150
5966 151
5966 152
5966 153
5966 154
5966 155
5966 156
5966 157
5966 158
5966 159
5966 160
5966 161
5966 162
5966 163
5966 164
5966 165
5966 166
5966 167
5966 168
5966 169
5966 170
5966 171
5966 172
5966 173
5966 174
5966 175
5966 176
5966 177
5966 178
5966 208
5966 211
5966 212
6096 39
6096 40
6096 41
6096 42
6096 43
5969 10
5969 11
5969 12
5969 13
5969 14
6881 145
6881 146
6881 147
6881 148
6881 149
6346 40
6346 41
6346 42
6346 43
6346 44
6315 30
6315 32
6315 36
6206 0
6206 1
6206 2
6206 3
6206 4
6206 5
6206 6
6206 7
6206 8
6206 9
6206 10
6206 11
6206 12
6206 13
6206 14
6206 15
6206 16
6206 17
6206 18
6206 19
6206 20
6206 21
6206 22
6206 23
6206 24
6206 25
6206 26
6206 27
6206 28
6206 29
6206 30
6206 31
6206 32
6206 33
6206 34
6206 35
6206 36
6206 37
6206 38
6206 39
5038 10
5038 11
5038 13
5038 14
5038 15
5270 5
5270 7
5270 8
5270 10
5270 11
6168 74
6168 75
6168 76
6168 78
6168 79
6168 80
6168 82
6168 83
6168 84
6168 85
6168 86
6168 87
6168 88
6168 89
6168 90
6168 91
6168 92
6168 93
6168 94
6168 95
6168 96
6168 97
6168 98
6168 99
6168 100
6168 101
6168 102
6168 103
6168 104
6168 105
6168 106
6168 107
6168 108
6168 109
6168 110
6168 111
6168 112
6168 113
6168 114
6168 115
6168 116
6168 117
6168 118
6168 119
6168 144
6168 147
6168 148
6168 151
6168 152
5521 64
5521 65
5521 66
5521 67
5521 68
6408 30
6408 31
6543 10
6543 11
6543 12
6543 13
6543 14
5765 59
5765 60
5765 61
5765 62
5765 63
6145 69
5930 0
5930 1
5930 2
5930 3
5930 4
5930 5
5930 6
5930 7
5930 8
5930 9
5930 10
5930 11
5930 12
5930 13
5930 14
5930 15
5930 16
5930 17
5930 18
5930 19
5930 20
5930 21
5930 22
5930 23
5930 24
5930 25
5930 26
5930 27
5930 28
5930 29
5930 30
5930 31
5930 32
5930 33
5930 34
5930 35
5930 36
5930 37
5930 38
5930 39
5930 40
5930 41
5930 42
5930 43
5930 75
5930 79
5930 80
6835 135
6835 136
6835 137
6835 138
6835 139
6655 26
6879 52
6879 53
6879 54
6879 55
6879 56
6879 57
6879 58
6879 59
6879 60
6879 61
6879 62
6879 63
6879 64
6879 65
6879 66
6879 67
6879 68
6879 69
6879 133
6879 134
6879 152
6879 153
6879 154
6879 170
6879 201
6615 54
6615 55
6615 56
6615 57
6615 58
6615 59
6615 60
6615 61
6615 62
6615 63
6615 64
6615 65
6615 66
6615 67
6615 68
6615 69
6615 70
6615 71
6615 72
6615 73
6615 74
6615 75
6615 76
6615 77
6615 78
6615 79
6615 80
6615 81
6588 60
6588 61
6588 62
6588 63
6021 0
6021 1
6021 2
6021 3
6021 4
6021 5
6021 6
6021 7
6021 8
6021 9
6021 10
6021 11
6021 12
6021 13
6021 14
6021 15
6021 16
6021 17
6021 18
6021 19
6021 20
6021 21
6021 22
6021 23
6021 24
6021 25
6021 32
6021 33
6021 37
6021 55
6021 60
6021 74
6021 75
6021 116
6021 150
6021 162
6021 171
6021 175
6021 191
6021 205
6021 206
5652 10
5652 11
5652 12
5652 13
5652 14
5727 113
5128 12
5128 13
5128 14
5128 16
5128 17
6227 0
6227 1
6227 2
6227 3
6227 4
5895 25
5895 26
5895 27
5895 28
5895 29
5184 28
5184 49
6527 75
6527 76
6527 77
6527 78
6527 79
6527 80
6527 81
6527 82
6527 83
6527 84
6527 85
6527 86
6527 87
6527 88
6527 89
6527 90
6527 91
6527 92
6527 93
6527 94
5578 64
5578 65
5578 66
5578 67
5578 69
5217 0
5217 1
5217 2
5217 3
5217 4
5217 5
5217 6
5217 7
5217 8
5217 9
5217 10
5217 11
5217 12
5217 13
5217 14
5217 15
5217 16
5217 17
5217 18
5217 19
5217 20
5217 21
5217 22
5217 23
5217 24
5217 25
5217 26
5217 27
5217 28
5217 29
5217 30
5217 31
5217 32
5217 33
5217 34
5217 35
5068 109
5068 112
5068 113
5068 114
5068 115
5536 0
5536 1
5536 2
5536 3
5536 4
5536 5
5536 6
5536 7
5536 8
5536 9
5536 10
5536 11
5536 12
5536 13
5536 14
5536 15
5536 16
5536 17
5536 18
5536 19
5536 20
5536 21
5536 22
5536 23
5536 24
5536 25
5536 26
5536 27
5536 28
5536 29
5536 30
5536 31
5536 32
5536 33
5536 34
5536 35
5536 36
5536 37
5536 38
5536 39
5536 40
5536 41
5536 42
5536 43
5536 44
5536 45
5536 46
5536 47
5536 48
5536 49
5536 50
5536 51
5536 52
5536 53
5536 54
5586 0
5586 1
5586 2
5586 3
5586 4
5586 5
5586 6
5586 7
5586 8
5586 9
5586 10
5586 11
5586 12
5586 13
5586 14
5586 15
5586 16
5586 17
5586 18
5586 19
5586 20
5586 21
5586 22
5586 23
5586 24
5586 25
5586 26
5586 27
5586 28
5586 29
5586 30
5586 31
5586 174
5586 175
5586 179
6096 44
6096 45
6096 46
5501 10
5501 11
5501 12
5501 13
5501 14
5501 15
5501 16
5501 17
5501 18
5501 19
6079 18
6079 29
6079 30
6079 31
6568 32
6568 33
6903 10
6903 11
5697 0
5697 1
5697 4
5697 5
5697 8
5697 11
5697 14
5697 15
5697 16
5697 19
5630 11
5630 12
5630 13
5630 14
5630 15
6945 8
6945 9
6945 10
6945 63
6945 113
6945 114
6945 115
6945 116
6945 117
6945 120
6945 121
6945 122
6945 123
6945 124
6945 125
6945 126
6945 127
6945 228
6945 229
6945 232
6945 233
5280 60
5280 61
5280 62
5280 63
5280 64
5280 65
5280 66
5280 67
5280 68
5280 69
5280 70
5280 71
5280 72
5280 73
5280 74
5280 75
5280 76
5280 77
5280 78
5280 79
5280 84
5280 85
5280 86
5280 87
5280 88
5280 93
5280 94
5280 95
5280 96
5280 97
5280 113
5280 114
5280 115
5280 116
5280 117
5280 118
5280 119
5280 123
5280 124
5280 125
5280 126
5280 127
5280 128
5280 129
5280 130
5280 131
5280 132
5280 140
5280 141
5280 142
5478 22
5478 23
5478 24
5478 25
5478 26
6336 149
6336 153
6336 154
6336 157
6336 158
5078 40
5078 41
5078 42
5078 43
5078 44
5772 10
5772 11
5772 12
5772 13
5772 14
6334 105
6334 111
6334 113
5332 160
5332 161
5332 162
5332 163
5332 164
5521 52
5521 56
5521 57
5521 58
5151 61
5151 91
5151 95
5151 108
5151 111
5151 114
5151 120
5151 121
5151 125
5151 160
5151 165
5151 170
5151 185
5151 187
5151 193
5151 194
5151 201
5151 214
5151 215
5151 216
5151 217
5151 218
