3 5497
3 5363
3 2222
1 7833
2 5739
2 3367
1 280
1 5717
1 6164
2 2094
1 2090
3 798
3 6480
1 5002
2 7272
2 3898
1 7876
1 1832
3 1800
3 4604
2 4750
1 6742
2 5038
2 6953
1 4327
1 8612
2 8207
3 6266
2 8647
1 4080
2 6424
2 5599
2 5472
2 9402
1 9706
2 1328
1 4851
1 408
1 4448
2 5749
1 6284
2 3164
1 7546
3 8297
1 3789
1 4038
1 782
3 8077
2 144
1 219
1 3024
2 5349
1 1275
2 6846
2 2510
3 187
1 8509
3 9877
3 2792
1 7381
3 3760
1 8066
1 2891
3 9875
2 2956
3 7734
2 141
2 3499
1 980
2 8020
2 7166
3 3992
1 7431
1 1568
1 8736
1 886
1 2244
1 9591
1 3301
1 406
1 874
1 242
2 2246
3 7970
2 9825
1 3020
3 9778
1 804
3 8349
3 39
1 7774
3 6511
3 772
3 3973
1 616
3 9372
1 3019
1 3907
3 9460
2 8188
1 5032
2 5323
3 4574
2 4085
1 2371
3 5009
1 932
2 6790
2 117
3 4837
3 7976
1 493
2 2648
3 7252
1 6801
1 1327
3 8296
2 4356
3 1802
1 9585
1 583
2 3029
1 8931
2 854
1 5687
1 7922
3 1513
2 2447
1 3512
1 8422
3 9088
3 4979
3 2416
2 1238
3 9565
3 7183
1 246
2 4200
2 9125
3 2105
1 462
1 1988
1 2512
2 6365
2 8605
3 6688
1 6199
2 9135
1 653
2 7295
3 5496
2 4051
2 5458
3 8836
1 9439
2 2186
2 1030
3 4424
1 4248
1 803
3 6102
3 2533
1 6182
1 872
1 6682
1 9023
1 7870
3 7984
1 521
2 5645
2 783
2 4705
1 1879
2 4486
3 8154
1 6205
3 2803
2 3908
2 3879
2 2228
1 9364
2 1976
1 9597
3 1935
1 9553
3 5742
3 6934
2 4448
3 3751
2 1422
2 3754
1 934
2 3556
1 7865
1 5028
1 2580
2 3218
1 6678
3 1330
1 2482
1 5832
1 2752
1 7146
3 8283
2 1778
1 4540
3 5658
2 4146
1 206
3 8605
2 7063
3 7881
2 6201
1 7080
2 2205
2 3813
1 9352
1 6976
3 3234
2 3969
1 5114
3 75
2 3178
1 706
2 5807
2 905
1 8622
1 22
3 6278
2 7032
1 4266
2 6399
2 1811
1 9421
1 615
2 7189
3 236
2 3450
1 8907
2 8342
2 6469
3 2368
2 8961
2 1258
3 8287
3 6979
2 9301
2 6698
2 1760
1 8850
3 267
3 8907
1 795
3 310
2 3423
1 8857
1 9223
3 1484
2 2247
3 5474
1 497
1 529
1 5860
1 3479
3 1022
2 2117
1 287
1 423
3 7387
2 3139
2 7152
1 429
1 4983
2 2662
3 5144
3 5315
2 8737
3 3522
1 941
2 6705
1 5254
2 9538
1 5211
1 1637
3 3672
3 3943
3 1220
2 3243
2 9606
2 9739
1 592
3 485
3 6554
1 7286
2 2846
2 3988
2 6179
3 6385
1 103
3 237
1 6086
3 5265
1 1811
3 4869
2 5080
1 916
1 2525
3 9476
3 725
3 7612
2 1824
1 701
2 3046
2 3599
3 7468
2 55
2 6671
1 6965
2 5093
2 2332
3 5360
3 2684
1 5093
2 970
3 1049
3 4471
2 1889
1 8393
1 354
3 2303
3 2345
2 9779
2 8183
1 5575
1 2179
2 50
2 8288
3 7866
1 1803
1 6665
1 6073
1 4869
2 5858
3 3396
3 7113
2 7660
3 8363
1 43
1 3896
1 3950
1 7733
1 5880
3 8210
3 7854
1 8552
3 7907
1 8136
1 3147
2 8427
1 307
3 5519
1 8948
1 2502
1 8557
1 7260
2 7715
2 4344
3 404
2 3629
3 6115
3 4922
3 5183
2 3153
1 2163
3 7189
2 9294
1 5828
3 1397
2 4004
1 1755
3 8271
1 3725
3 3947
2 2545
1 7099
3 3071
1 2696
1 7620
3 6268
2 7730
3 2448
2 5261
3 5618
1 4243
3 7786
1 6474
3 422
3 812
3 1493
1 8158
1 1075
1 8559
1 6119
1 595
2 7528
2 8462
2 4834
1 1799
1 3071
3 3514
1 872
1 6817
2 4535
1 2317
2 423
3 8151
2 4118
3 7739
2 4409
3 2308
3 4918
3 8064
1 8454
1 4881
1 5226
2 250
3 3631
2 9012
3 4933
1 5747
2 9237
1 5626
2 9484
1 1873
1 1181
2 5780
1 5132
3 6181
2 8847
2 1418
1 1143
2 7211
1 1965
2 9196
2 1993
2 5867
1 2297
1 680
2 6221
3 2349
3 3183
3 2141
2 4256
3 1810
2 4516
3 4776
3 8173
2 5639
2 5339
2 164
1 671
1 920
1 5662
2 6451
2 3909
3 5567
3 9661
3 3524
2 236
1 9527
2 954
3 8149
1 7066
3 3474
2 8077
2 5767
1 26
1 86
1 637
3 6700
2 9286
1 2094
1 6773
1 2719
2 886
1 8720
2 8875
2 9487
2 3800
3 4919
1 3966
1 544
3 2705
2 4522
2 3525
2 9121
2 6165
1 9950
1 4037
2 3305
2 8485
1 4756
2 9748
1 63
2 4602
2 1678
1 9727
3 807
2 1245
1 233
1 126
2 3072
2 5278
1 9344
2 6767
3 6687
2 1881
2 6712
1 170
2 672
1 1984
1 736
2 9324
2 4424
3 408
1 452
3 7923
1 6403
3 9928
3 1954
2 8792
1 8351
1 5759
1 730
1 4832
1 4287
1 9343
2 9204
2 4641
1 5548
1 5006
3 3928
2 6555
3 2381
2 9565
2 7861
2 5501
2 6274
2 3535
2 3202
3 6314
1 5053
2 9900
3 7742
1 5354
3 6769
2 2250
2 3906
3 9522
3 8071
1 7038
3 6242
3 4773
2 7529
1 8029
2 523
2 5996
1 7119
1 115
1 965
2 4347
1 376
1 3719
3 5006
3 5198
1 4747
3 4464
1 3883
2 7231
2 285
3 9590
3 9138
1 8731
1 315
2 9440
3 8387
3 9871
1 4563
1 7737
1 1989
1 311
2 3103
1 7157
1 1988
2 6811
1 6261
2 1539
3 5935
3 3034
2 6679
3 644
1 5034
3 840
3 7342
3 7682
1 655
1 4047
1 8626
1 5397
2 3742
1 133
3 4248
2 3284
2 3092
2 1350
1 745
3 6127
3 8890
1 9217
3 7027
1 1095
1 4691
3 46
1 1529
2 6349
1 7300
1 4612
3 4163
3 5331
1 8369
3 7421
2 9633
1 6727
2 3022
1 1128
2 6771
3 1062
3 8107
1 6057
2 8742
2 9541
2 1253
2 654
1 2842
1 79
1 4767
2 4131
3 9689
2 8017
2 8116
2 3154
1 5347
3 4215
1 1703
3 8581
1 1005
3 325
3 9657
2 354
1 1325
3 1018
3 9545
1 1082
1 2908
3 6361
1 634
3 3879
2 1352
3 7849
1 1505
3 5812
1 6835
1 6109
2 2271
1 2496
1 1205
2 1110
3 701
2 107
3 6251
1 713
2 2426
2 8996
1 1899
1 8096
1 7060
3 7579
3 8773
2 2603
1 2957
2 7100
3 6068
2 181
1 4796
3 1161
3 1028
3 6761
1 5922
2 503
3 2821
3 6466
1 2967
1 2307
2 7719
1 6663
1 3615
2 5315
2 3315
2 2762
2 3644
3 5303
2 1148
2 6900
1 2480
1 4891
3 1204
2 5930
1 6169
2 7061
1 1835
2 6086
1 6451
2 3066
1 7166
2 9601
1 841
3 3691
1 801
3 2775
2 8550
2 2873
1 205
3 6634
1 5029
3 2843
1 2360
1 5507
1 685
2 7590
2 2772
2 1717
1 9975
2 1587
3 7393
1 6343
1 2256
1 9178
1 5367
2 885
1 5290
3 2428
2 4609
2 8237
1 5959
3 553
1 8208
3 2275
3 4023
1 9373
1 769
1 2687
1 4213
1 4269
3 7243
1 8801
1 6756
3 8978
2 1540
1 5737
2 8753
1 1652
3 3419
1 2659
2 2328
1 8774
2 1582
2 5755
3 4322
1 93
3 7500
3 7209
1 9596
1 9191
1 1473
1 6265
2 3356
3 5646
3 1665
1 2132
3 2624
1 4825
2 5818
1 953
3 8791
1 6147
2 5427
3 8956
3 7193
1 253
3 8853
3 3917
3 4828
3 8548
3 5711
3 7398
3 4561
3 1510
2 2189
1 3730
2 2610
3 3817
2 4436
1 5115
1 2214
2 8877
1 2695
3 1885
3 6879
1 4442
3 6961
3 8882
1 1609
3 9312
3 3820
2 7514
2 1594
1 739
3 6736
2 6967
1 6849
1 805
1 7786
2 6825
1 3766
3 823
2 2804
1 335
2 6742
3 8477
3 8368
2 2713
2 1751
1 540
2 3685
2 4951
1 1656
1 9645
2 6835
2 9975
3 6410
1 49
1 4455
2 6321
1 8106
2 1424
2 2836
2 2963
2 1295
1 3219
1 1382
3 5861
3 1753
1 6972
1 8747
1 3692
1 8459
2 3708
1 9874
1 3407
2 3877
3 7258
1 185
3 7307
2 1473
2 5893
3 5886
1 419
2 6802
3 4618
2 2112
1 4484
1 5171
2 5742
2 4040
2 9123
3 8017
3 6746
1 1155
1 383
2 8513
1 349
3 1138
1 962
3 7957
2 1573
2 3458
2 6727
3 8032
2 4821
3 3989
1 1062
2 4352
2 7409
2 7812
1 928
1 4670
2 7414
3 8042
3 7521
1 110
2 6195
1 5956
1 9800
3 9040
2 3248
2 358
2 162
1 2643
1 875
1 9002
2 447
3 8352
1 2414
1 7702
1 4
1 1740
1 532
1 3911
1 942
2 8052
1 9842
1 6460
2 9331
1 6029
2 2531
1 6235
2 8105
1 804
3 1219
3 4431
2 6204
2 3837
2 2418
3 4046
3 8147
3 4994
3 7620
3 232
1 7139
1 3777
2 3524
2 6213
3 8473
2 5089
2 5240
3 448
1 6483
3 4722
3 3207
1 8702
1 2749
2 5256
2 3488
3 4791
3 1489
3 995
2 6442
3 934
2 9947
1 4356
2 5701
2 9260
2 4935
1 6578
1 392
3 2192
1 5785
3 1720
1 5980
1 4665
3 68
2 7036
2 6541
3 8977
1 3608
3 6519
3 4082
2 9456
3 7903
3 8964
3 5062
3 9015
2 2898
2 9423
2 5594
1 554
2 3312
2 9312
1 2710
2 6462
2 8727
1 5263
3 5960
3 808
2 385
1 666
1 3517
3 2175
3 8037
1 402
1 634
1 9212
2 6731
1 386
2 57
2 841
1 4800
1 8741
1 5046
2 6792
2 9944
2 892
3 1437
1 5018
1 1049
1 5795
2 4209
1 684
2 5886
1 5004
2 1852
3 1229
1 3541
2 6374
2 9704
1 8362
2 1002
2 6062
1 7572
3 1309
1 9859
3 7072
1 8001
1 2642
3 6380
2 966
1 9961
1 571
2 1344
2 6132
1 4119
3 1186
1 265
1 934
2 7378
1 3764
1 7621
1 6949
2 6762
2 3947
2 2659
1 5510
3 1246
3 5883
2 1065
3 6573
1 9
3 3905
3 2832
1 2224
1 324
2 8496
2 8065
3 6515
1 5219
1 892
3 2415
2 8386
2 4052
1 388
3 2015
1 5102
2 1313
3 4189
1 4026
2 2835
2 5173
2 3875
2 5099
2 8779
3 625
1 8035
1 176
1 5433
3 6097
3 6563
1 8780
1 8045
2 7049
2 3792
2 3768
1 6502
1 4019
1 677
3 973
1 395
1 321
3 1060
1 2418
1 961
3 6156
2 1685
3 6048
2 7458
2 1116
1 3463
1 9103
2 1325
1 512
3 3952
1 6568
3 8665
1 9332
1 7407
1 1280
3 3887
3 2427
1 6306
2 2948
3 7685
3 3151
2 6190
3 9910
1 7035
2 68
2 8526
2 4148
2 8673
3 3953
3 1828
2 1531
2 3125
1 1215
2 5636
2 6257
1 5976
3 8282
2 3413
1 3342
1 2961
1 5960
2 4982
2 3910
2 5257
2 2280
2 9677
2 857
2 5951
2 4312
2 9231
1 5845
2 9098
1 9452
1 6018
1 6009
3 5327
2 1061
1 5792
2 8076
1 5379
1 5162
3 9892
3 9071
1 3771
1 5072
2 7093
1 601
1 9635
2 9418
3 1789
3 4157
3 4761
3 3400
2 8568
3 6237
3 7519
1 5516
3 1473
1 214
3 5072
2 792
2 7748
1 917
3 2855
1 6575
2 5113
2 6820
1 7854
2 3968
1 1309
1 271
2 1823
2 1165
2 8710
3 722
2 4047
1 2603
3 4527
3 676
2 5827
2 4790
2 3578
2 489
2 2316
3 6594
2 8143
3 6926
3 8448
1 1512
3 6674
1 4744
1 2854
2 5685
1 985
2 9881
2 7805
1 357
1 2945
2 7959
3 4729
1 8868
3 4365
3 2514
1 8992
2 6518
1 6757
1 337
1 8
3 5377
3 5466
3 1604
2 6651
1 223
2 3851
1 1142
2 4722
2 3949
3 2887
1 2591
1 817
3 9757
1 4723
1 7498
1 53
3 2064
3 9070
2 7595
1 1649
2 3991
1 4798
1 5311
2 2093
3 8736
1 6390
1 7714
3 6539
3 1703
2 8049
3 2318
1 8812
2 3465
1 2587
2 742
3 5591
1 5627
1 993
3 9467
1 721
3 660
3 2230
2 9608
2 2526
1 42
3 7004
1 378
2 3937
1 1502
2 7560
1 2758
2 3018
2 2669
1 9335
2 9115
2 1920
3 5557
3 6642
3 9351
1 1020
3 5472
3 2779
1 35
3 4887
1 698
2 405
1 4252
3 5092
3 1002
3 7464
2 4895
3 7572
1 5293
3 8775
1 1645
1 8705
2 9615
2 7108
3 969
3 821
1 6201
3 6437
1 1907
2 1696
3 1595
2 3035
1 9142
2 8314
2 4246
3 4316
1 8079
2 8954
3 1242
1 3998
2 4523
3 1492
2 9269
3 6267
1 245
1 22
3 6151
2 1210
3 7405
1 580
3 2134
1 1957
2 1646
1 4461
2 1606
3 2097
2 4227
2 53
1 2927
2 7253
1 9742
1 3830
1 8997
3 2294
1 9862
2 2573
2 7654
3 3559
2 5727
3 9776
3 2897
1 8673
1 4365
1 7861
1 3759
1 3963
2 8768
2 7548
3 4311
3 2849
1 6826
2 8586
3 6777
1 6563
1 6084
1 8828
2 6388
1 8129
3 6144
2 9622
1 4395
2 5242
2 1337
2 4358
3 3470
1 9096
1 9776
3 3993
1 1408
2 9571
3 2605
2 1127
3 101
1 7520
1 536
1 717
3 5193
3 4193
3 2958
2 6080
2 8716
2 2336
2 9958
3 4810
1 2467
2 6747
1 4579
2 7156
1 615
3 1862
1 667
3 7465
1 813
1 597
1 7607
2 9308
3 8537
1 1824
1 2712
2 4575
2 6609
1 3949
1 1334
1 4335
2 9046
2 7935
2 932
2 8354
2 2109
3 8264
1 1669
3 4068
1 4621
1 7701
1 9129
1 7663
2 6432
3 478
2 7412
1 44
1 247
2 5293
1 4865
1 914
3 5134
2 9577
1 373
1 3644
3 6651
3 961
1 2673
2 4143
2 9304
3 9304
2 2869
3 9130
3 2492
2 2072
2 862
1 793
2 1963
2 4389
2 1105
1 5055
1 8469
2 7655
3 986
1 6662
1 446
1 453
2 2802
1 336
1 6595
2 2369
2 2785
1 9947
3 3843
3 3950
1 183
2 6986
1 5529
2 8268
1 4974
2 8693
2 9069
1 2879
2 2272
3 197
3 4379
2 1107
2 1505
3 2985
3 2822
1 853
3 8240
2 4686
3 5084
2 7629
3 8996
1 3543
1 6895
1 608
1 7688
1 4785
1 276
2 8257
2 1822
3 3379
2 8084
2 9370
2 8556
2 7216
1 6428
3 6738
2 8946
2 3791
1 55
1 4060
2 7385
2 8614
1 9282
3 6389
1 291
2 4187
1 4794
3 331
3 5823
2 5004
2 6739
2 7292
3 6016
2 7707
3 7671
2 7404
3 1478
3 980
3 7444
2 5008
3 6495
3 9727
2 8675
2 6656
2 8504
3 9644
1 7145
2 6333
3 1024
2 1408
2 6308
2 9851
3 2063
1 655
3 6018
3 5918
2 9225
2 272
3 7167
3 4966
1 8855
3 9895
2 7201
1 5400
2 6778
2 6686
1 798
1 5859
2 5634
1 1356
1 9198
2 5086
1 933
2 8735
1 214
2 5800
3 1845
1 8312
2 2337
3 402
3 984
2 7892
3 9914
2 6786
1 6685
1 480
1 104
2 4139
1 4143
1 191
2 6481
3 7141
1 627
2 4688
2 9296
3 8181
2 6371
2 5133
1 3735
3 2726
1 519
1 9382
1 3931
1 1557
3 6381
1 490
3 227
3 5358
1 7067
1 7850
3 6271
3 3483
2 5994
3 6876
2 2756
2 8709
2 1308
1 5221
2 2044
1 2555
1 1892
2 4183
1 6444
1 40
3 1429
2 1296
2 8924
2 3653
3 4272
2 441
3 1300
3 7635
2 3468
2 9818
2 4635
3 5032
1 8517
3 3530
1 601
3 1343
2 894
2 2850
1 523
3 2609
3 4044
2 494
1 1554
2 4844
1 4366
2 7218
1 8094
3 9605
3 7975
2 2564
1 226
2 2681
2 7578
2 1791
1 4526
2 6233
2 9328
2 4847
3 8199
3 1355
1 596
1 1900
1 4064
3 900
2 5454
1 9644
2 2578
1 2435
1 3492
2 8558
1 7660
3 843
3 131
3 8372
2 896
1 9833
1 3996
1 5389
2 1631
3 6567
2 2164
1 6996
3 195
1 3139
1 8854
3 5477
2 609
1 9011
2 1857
1 7875
1 8175
1 1438
3 1213
1 1411
1 386
2 6489
3 3271
1 9896
1 385
3 3237
2 46
3 2376
1 1896
3 5868
2 7714
2 2111
1 9227
1 1236
2 7895
1 921
2 9263
2 1269
3 9750
2 7494
3 64
3 5552
1 6818
3 6130
3 6359
1 8199
1 3516
1 3460
2 7066
1 454
1 925
3 4675
1 9710
1 7399
1 5062
3 2704
1 6557
3 7757
2 7619
1 51
2 769
2 9279
1 9880
3 3671
1 256
1 6658
3 9678
2 9904
3 6143
3 492
2 2516
3 3627
1 9004
2 6211
3 5599
3 6294
3 5189
3 2548
3 6011
2 6152
1 7065
1 9688
2 9035
2 551
1 3281
3 1625
2 6383
2 5403
2 9216
2 7657
3 7318
2 1986
2 7199
2 4769
3 5513
1 1029
2 8064
1 3263
2 4545
1 2765
2 9267
2 7418
1 9812
2 8468
1 6994
1 6302
1 462
1 5725
1 4836
2 2243
1 747
1 2649
3 9905
1 8859
2 3952
1 3531
3 1096
3 4947
3 9444
2 3170
2 2952
1 602
1 8144
1 85
1 8664
3 8051
3 8266
1 6374
2 9352
3 1922
3 7146
3 3985
1 925
3 3666
1 6496
2 7232
2 3618
1 7083
1 590
3 1448
1 5634
2 937
3 5108
3 4668
2 3864
1 259
3 2934
3 5492
1 7308
2 9415
3 1139
1 4555
2 4804
1 8939
3 9835
3 789
3 3475
1 6855
3 9143
1 9651
1 369
1 769
2 7435
3 9205
3 835
3 3509
2 7986
3 6383
2 3534
3 7688
1 3382
2 113
1 7505
2 5838
3 6906
1 70
3 3774
2 6989
1 4868
1 5899
3 1039
1 2640
3 7441
3 1970
2 7226
1 4373
2 6260
1 7271
3 3053
1 3578
1 2776
2 7281
3 4174
2 1506
3 8787
2 7028
3 3313
3 6654
2 2055
3 6809
2 1478
2 5895
1 1687
2 983
1 527
3 1746
3 7148
1 2025
2 7807
1 3171
3 4303
3 5805
2 7554
1 4864
2 9690
3 54
2 1223
1 4847
3 468
3 9147
3 6985
2 3793
1 4020
2 4157
3 3697
2 7005
1 3836
2 4403
3 719
1 786
3 1568
3 6008
3 9662
2 3148
3 1745
1 667
2 138
1 1585
2 2965
3 5921
1 252
2 3296
1 789
3 2076
1 4264
1 5835
2 3993
1 6700
3 967
3 1187
1 832
1 4551
2 8378
1 2797
3 3179
2 3953
1 4823
1 1054
3 4971
1 105
1 6711
1 4709
2 3627
2 724
1 1350
2 9587
1 654
3 7109
2 2891
1 2658
2 9806
1 5977
2 7416
1 1116
1 847
2 4654
3 8508
1 4848
3 2329
2 6868
2 5868
3 4813
1 6797
1 4661
1 3389
3 6165
3 5644
2 1770
3 8100
1 7443
1 9545
2 5321
2 9268
1 197
1 602
3 7828
2 7824
3 7775
2 8895
1 2187
2 294
1 8738
3 7273
1 684
1 9692
2 2427
2 5719
2 4264
3 581
3 3215
1 6338
1 5060
2 3727
1 5264
1 1737
2 5304
2 5626
1 2681
1 6155
1 3671
2 994
2 6418
2 49
2 870
1 758
2 4592
3 4040
2 5085
3 5865
1 2840
1 474
1 6647
2 3867
3 4851
2 6875
1 129
1 9696
1 881
1 7211
1 4290
2 2357
2 4015
3 9723
3 7657
3 1507
1 7375
1 63
3 1739
3 3586
3 1830
3 1553
3 7539
1 8576
2 4025
1 2815
1 9915
2 735
3 3294
3 4682
3 5619
3 9394
2 7735
1 7455
1 2425
1 9365
2 1195
2 3797
1 5496
2 1314
3 6080
2 8797
3 3756
3 4819
3 4505
3 8134
3 4654
2 7283
1 1446
1 9235
1 8841
3 4927
3 5146
1 6485
3 1656
2 5765
3 7814
2 7981
1 9926
3 2626
3 8917
2 9756
2 6567
2 7966
3 3457
1 2971
3 1939
3 1412
1 413
1 6752
3 5940
3 3015
2 564
1 676
3 6533
3 2647
1 2388
2 317
2 4150
2 5581
2 4697
2 8252
1 4462
3 1952
1 7390
3 253
1 7950
2 9176
2 8359
1 9888
3 2359
2 2068
1 24
1 6544
2 834
3 8976
2 3816
1 7040
1 862
1 7818
2 823
3 5166
1 5869
1 8309
1 513
1 174
2 1188
2 1257
1 9838
1 573
2 7342
3 7865
1 4833
3 7427
3 3603
2 562
2 1863
3 6637
1 958
1 8527
1 4877
2 3687
1 9432
1 5525
2 1732
2 5935
1 333
1 9152
3 7152
3 2571
2 6215
3 1767
3 5797
3 8289
2 7394
1 5068
2 7573
2 9434
1 3125
3 6606
2 3635
3 7972
1 5344
3 7651
3 6580
2 8616
3 3637
2 9820
3 6758
2 668
2 8295
3 4917
2 2496
2 8458
3 1099
3 4312
2 2222
2 5301
1 8266
2 3574
1 4203
1 3153
1 3337
2 7933
1 5933
2 2796
1 688
1 1731
1 2954
2 5938
2 9249
2 4727
2 662
1 2977
3 4050
1 8178
3 3958
1 180
1 688
1 2389
3 517
2 8009
1 4342
1 1489
2 8780
1 702
3 530
3 146
2 3273
2 3203
1 3388
1 2036
2 2457
1 9565
1 1435
3 320
2 8663
3 4363
3 6150
1 6159
3 5339
2 7745
1 4547
1 967
2 8654
2 859
2 7164
2 3994
2 9014
1 5975
3 9011
3 4124
3 5704
2 3776
1 5182
2 9382
2 4634
3 1140
3 7595
3 951
3 1200
2 4433
2 6373
1 1456
2 4517
2 7393
3 4662
1 7760
3 7826
3 5187
3 3318
3 2759
2 1975
1 578
3 8793
2 8454
1 467
1 4973
1 2838
1 9051
3 4441
2 984
1 284
2 1150
2 7363
2 1087
2 5069
1 2123
3 3775
2 7718
1 601
1 3598
1 7682
3 8188
2 7492
1 651
2 8822
1 791
2 6155
1 497
3 1488
1 9402
1 7288
3 7328
3 7927
2 636
3 5338
1 807
3 2177
1 2717
3 2635
1 3122
2 390
2 5469
2 7598
2 6288
1 1268
3 699
3 1875
2 5621
1 1017
1 9195
1 4575
2 7062
2 5768
3 5046
1 6333
1 471
1 4853
2 9077
1 841
1 6987
1 4930
3 7365
1 9285
1 5416
2 9164
3 2762
2 6781
1 9491
1 1242
2 5837
3 5191
2 5582
2 4335
1 482
1 1120
3 1697
3 3162
3 5928
3 1586
3 1433
3 5317
1 332
2 8852
2 4660
3 4782
1 4399
3 1547
1 6915
3 5635
2 6483
1 1730
2 1511
1 111
1 1608
1 9273
3 2940
3 1252
3 7136
3 2994
2 5882
1 1595
1 81
1 1297
1 5870
3 4721
2 5067
2 7140
2 9667
3 3326
1 6117
3 9075
2 4581
1 865
2 8413
3 1116
2 245
1 518
3 5965
1 4946
1 5485
3 4305
3 3062
2 7359
1 814
2 1982
2 2206
2 6310
1 2781
1 5220
1 2060
1 4491
3 1677
1 5515
1 9974
3 4978
3 5763
3 9848
3 9733
3 4238
3 6372
1 7009
3 6671
1 7327
2 7786
3 1194
3 1457
3 1027
2 434
3 4586
2 7913
1 391
2 2169
1 438
3 9829
3 4042
1 5478
2 1792
3 6021
3 1763
3 7633
2 7327
2 6563
2 956
2 6933
3 3816
1 946
1 4206
1 5650
3 6982
2 1561
1 6107
1 2873
3 647
2 7813
3 6422
1 7417
1 5074
1 3902
1 894
1 115
2 979
3 2831
2 1765
2 9449
1 8244
1 425
2 8764
2 63
1 46
1 5095
2 6697
1 1538
1 501
1 9126
3 2152
3 8447
2 5844
1 749
1 9902
1 8822
3 4499
3 2993
2 8457
2 4064
2 772
3 2504
3 761
3 9252
3 33
1 644
1 3343
1 3293
2 633
1 520
2 3936
3 1253
3 6575
3 275
1 2858
1 2125
1 741
1 3981
2 8951
3 6179
1 6056
1 4580
1 231
3 7158
1 984
2 9277
1 248
3 6928
2 2893
1 9112
2 4120
1 2711
1 745
2 1939
3 2434
1 5783
3 4856
3 7773
3 3811
2 7830
1 7190
1 9942
2 3977
2 7884
2 6068
1 6433
3 1926
3 7527
2 8436
3 7551
1 2329
3 8965
3 9330
2 5859
1 5615
1 784
1 260
3 1520
2 2954
3 8425
2 2465
3 9647
2 74
3 7820
3 9190
1 4430
1 250
1 10000
2 1610
2 6719
1 5800
1 4755
1 1315
1 3940
3 4421
1 7582
2 4048
2 8637
1 8389
1 7630
3 8376
2 5799
3 5768
1 86
1 9548
2 2118
3 51
1 918
3 8123
1 8046
3 6818
2 6130
1 5398
2 4898
3 177
1 8692
1 9399
2 1614
1 5244
2 4704
3 155
1 592
2 2523
1 541
2 1249
1 1247
1 958
2 8138
3 5480
1 5728
1 2222
2 9362
1 895
1 8571
1 147
3 7928
1 3661
1 2626
2 2004
1 2845
3 9826
2 4269
2 6970
1 4302
1 836
3 2067
2 2680
1 4319
2 725
3 7411
3 3209
1 919
2 9766
2 5544
1 5286
1 91
1 5917
2 5708
2 809
2 2677
1 8936
2 8270
3 8197
2 9847
3 8753
3 7250
3 926
2 8495
3 5291
1 5652
1 799
1 7474
3 6137
3 8627
1 4079
1 3256
1 318
2 5445
2 9498
3 4486
2 5943
3 2954
1 6327
3 8811
1 3274
2 9878
2 2735
1 5441
3 4097
3 1351
3 9646
2 8032
1 2600
1 3941
1 1404
2 1484
3 3772
1 6702
1 3260
3 9611
1 943
2 9733
2 9421
3 8963
3 2068
2 7521
2 7444
1 8179
3 9562
2 7329
2 3493
2 3032
1 2412
3 5456
2 7525
1 8232
1 276
3 5270
3 6054
1 5464
3 3648
1 1134
3 4479
2 6930
3 2865
1 826
2 3047
2 4223
2 5441
2 7346
2 6874
3 9117
2 8783
3 7952
1 1455
2 1514
1 2564
2 3417
3 2033
3 5919
3 535
2 7075
2 1359
1 1922
1 5262
3 1734
2 4096
2 6657
2 9546
1 3231
2 533
3 4596
1 1573
3 5174
1 5839
1 8785
1 4940
3 4532
2 3798
3 1771
1 1047
1 967
3 5651
1 1430
1 5422
2 3360
2 324
1 1897
3 3217
1 7761
3 870
1 6394
1 6481
2 7938
2 8107
1 8400
1 4948
3 3363
3 189
2 5944
2 5167
1 5998
3 2864
1 5966
1 685
1 1377
1 5740
1 1658
2 1964
3 9115
1 3489
3 5523
3 9518
1 1111
1 2424
1 3434
3 363
1 4577
2 47
3 7876
1 2068
1 103
1 9171
1 7112
2 2701
2 4357
1 905
1 7128
1 5291
2 458
1 2144
2 5030
1 1560
2 9559
1 189
3 130
1 720
3 5076
1 2900
1 7160
2 8435
1 747
3 5624
1 2061
2 1942
3 1327
1 9071
3 8494
1 7070
1 4860
2 1329
1 2215
3 9010
2 7775
1 8896
3 5741
3 1987
1 3246
3 6963
1 887
1 2092
3 6449
2 5228
2 1202
1 7208
3 3040
3 1806
1 1195
3 679
3 1455
1 167
2 6296
3 301
3 6265
2 2291
3 8998
1 1784
1 3485
1 5517
3 7564
1 824
2 6726
3 6569
1 8832
1 3718
1 926
1 9082
3 7788
2 6676
1 7216
3 6391
2 7537
2 3232
3 4694
1 847
1 8908
2 8001
1 1639
1 8484
1 2331
1 8154
2 5150
2 8500
3 5657
2 1607
2 6393
3 2807
1 3617
3 6052
1 5723
1 3397
1 9470
2 3279
1 618
3 4745
1 9576
2 6376
1 97
1 4808
1 712
3 9267
3 2244
3 6947
1 2637
1 8749
2 454
1 373
1 636
3 285
3 2991
1 286
2 9799
3 5850
1 680
3 5369
1 6733
2 150
1 2621
3 9374
3 2094
1 6477
3 5272
1 9032
1 6679
3 2226
1 9188
1 3103
2 473
3 175
3 5351
3 5213
3 6827
1 3068
2 9767
1 731
1 3750
3 447
1 5720
3 2708
2 7506
3 3535
1 1122
3 2658
1 859
1 1917
2 5399
2 3585
1 552
2 6378
3 9408
2 2981
3 1190
1 928
2 7769
3 5751
3 9981
2 6711
2 3484
1 9412
2 5528
2 8698
3 4342
3 932
1 5007
2 5892
1 9611
1 912
2 1925
3 290
1 1320
1 4149
1 1606
2 1220
1 4031
3 4395
1 4760
3 1659
3 2154
1 1681
3 3870
1 4879
2 7429
1 173
2 9887
2 7894
3 4459
1 9830
3 299
1 8449
3 4572
3 3314
1 7303
3 4300
3 9655
2 647
2 1911
1 9715
3 1974
3 6917
2 9553
1 7525
3 4279
1 8606
2 9952
2 5381
3 1719
2 3916
1 9290
3 4894
2 1567
3 3465
1 6768
3 5396
1 826
3 9793
3 834
3 7509
2 9071
1 4542
3 4535
2 5526
2 6873
3 3534
1 986
1 9047
2 1875
3 9512
1 4518
1 4738
2 1069
2 429
1 5321
1 569
1 554
3 1388
3 8831
3 7864
1 379
1 3417
1 4907
3 6561
1 1633
3 4506
1 897
3 997
1 3698
3 588
3 801
1 78
1 6276
2 7102
3 7232
2 9417
2 3448
1 292
2 7117
1 1257
3 7933
2 8062
1 2406
3 8214
2 4975
3 2117
2 9327
3 3769
3 1696
1 5708
2 4813
1 5365
3 9497
1 5277
2 5889
1 2324
2 2225
1 8734
2 5462
1 4920
2 7101
1 9560
2 3163
1 2151
3 3286
1 2602
3 8595
2 7915
2 4689
3 6363
2 4063
2 9177
1 5578
2 6569
3 2608
2 457
3 8250
3 5111
1 8715
3 3598
3 3616
2 7712
1 5799
1 2310
3 8539
1 656
2 2611
2 5961
1 1675
2 9044
1 8584
1 3926
3 847
3 8097
2 7341
3 6108
2 6653
1 275
2 4529
1 9147
1 2135
3 4287
1 74
1 7423
1 9350
3 8381
2 421
2 5687
1 559
1 6289
1 9396
2 8155
2 9717
1 881
1 539
3 8471
3 9866
2 5503
1 4440
1 847
1 75
1 9841
1 715
1 611
1 2518
3 9558
2 8330
3 1087
2 176
2 8615
2 4921
2 1910
1 912
1 8305
1 1175
1 9993
3 7530
2 865
2 4386
2 6810
3 2336
2 9794
1 608
3 9064
3 1640
2 8313
1 4011
3 3227
2 1038
1 118
1 7243
3 9659
1 8578
2 5020
2 9576
2 8397
2 253
3 370
2 3886
1 1077
3 1217
2 239
2 2787
1 883
1 1018
2 3294
3 5874
3 1383
1 8025
2 4007
2 9988
3 9564
3 6631
3 2051
3 7847
3 2674
1 708
3 3569
1 9530
3 257
1 7122
3 2895
3 6343
2 7321
1 2289
1 887
1 776
3 1175
1 8917
1 9624
2 452
3 7439
3 5012
2 6304
1 6951
3 1465
1 1200
3 6972
1 1748
3 2892
2 7264
3 6423
2 1360
3 4795
1 669
1 642
1 3368
1 6271
1 8519
1 6906
1 8102
2 5885
2 2816
2 2993
3 9566
3 587
3 6834
2 1546
1 153
2 6532
2 5786
1 3587
3 8361
2 8276
2 6929
1 5075
1 7305
3 2146
3 9666
1 6248
1 6439
2 6175
1 221
3 9903
1 5523
1 1686
2 4008
3 6269
1 5310
1 6986
3 4435
1 2949
1 7255
2 9394
3 5531
2 1234
1 822
3 7978
1 7291
1 3364
3 2438
3 5473
2 6449
1 5108
2 3301
1 8487
2 904
3 9954
2 2875
3 769
3 9716
2 6318
1 6217
1 960
1 246
2 8720
1 6469
2 2099
2 1339
3 3860
3 2162
3 7223
3 2474
2 4985
3 272
2 6796
1 4790
3 3305
3 6709
1 6989
2 6198
2 5507
1 1868
2 6936
3 3560
1 1844
1 5098
3 2967
1 4480
2 6531
2 3256
1 509
3 2305
2 9233
3 3088
1 9424
3 5292
1 6459
2 6844
1 8002
1 6239
1 5854
1 5094
3 5621
1 2127
3 5937
3 8895
3 9069
3 7867
1 834
2 6519
2 517
1 6654
2 4564
1 4428
3 1233
2 9841
1 6558
3 2860
3 9766
1 6399
2 4662
1 2018
3 6031
2 8718
3 7245
2 2239
3 3689
2 2330
3 473
1 9962
2 7182
1 9143
3 8984
1 996
1 6420
2 22
3 4396
1 863
3 6063
2 1109
1 5126
2 2563
2 9995
2 8085
3 8201
2 3778
1 7915
1 7537
2 5809
2 8417
3 7760
1 9536
2 5311
3 3544
3 2353
2 5483
1 6069
1 8027
2 4091
1 7287
3 4760
2 8980
3 3491
3 3563
3 3059
2 7256
2 8498
1 3410
3 7617
1 1970
1 9749
1 654
2 8791
1 7788
1 519
3 3061
2 7376
2 9933
1 718
2 8191
1 8611
3 6548
1 9671
3 6039
1 616
2 7174
2 5468
1 5031
1 6001
1 5394
3 1311
3 8525
1 5776
2 8296
1 6510
2 5563
3 4036
2 7112
3 5342
1 227
1 1794
2 3598
2 6921
2 9747
1 2093
1 4057
3 1531
3 809
1 273
1 2605
2 709
1 2413
1 9503
3 455
2 1438
3 3391
2 648
3 8632
2 7448
1 9995
2 6214
1 8770
1 7578
2 6037
1 2996
3 8213
3 8458
1 276
1 9628
3 8645
2 243
1 390
1 3192
1 166
3 1672
2 79
1 3237
3 9127
3 3549
1 9711
2 8060
1 9785
2 2617
2 3335
1 7183
1 6134
1 968
2 5967
1 7615
3 5119
3 6259
1 8742
1 8794
2 2216
1 2336
1 9163
1 1125
2 8607
1 9294
1 4780
1 171
1 9931
2 9629
2 5841
1 8750
1 3017
3 3397
2 18
3 9969
3 1738
3 2761
3 7077
3 4133
1 3467
2 5408
1 1952
2 2630
1 5945
1 1390
2 6311
1 4091
1 3284
3 2793
3 3218
3 5287
1 5015
2 3881
1 3972
2 2915
1 7091
2 591
3 2953
2 7457
1 620
2 8341
3 5301
1 360
1 914
2 1634
3 636
3 69
2 6188
1 5482
3 8251
1 5617
1 9854
2 2242
3 2234
2 5198
3 930
3 689
2 9659
1 7205
1 3632
1 7559
2 5119
1 235
2 8880
2 2024
2 9637
3 8053
3 6167
1 5982
2 6943
1 3396
1 690
1 339
2 2604
1 927
3 6848
1 6692
1 3436
3 2481
3 6555
3 9652
2 6666
2 6934
1 605
2 3914
1 4229
3 3269
2 9076
3 800
3 3763
3 2020
3 3191
2 1538
3 3723
1 8071
2 587
2 4082
2 1240
3 4704
2 2702
3 5908
3 7768
1 38
2 9547
2 7632
1 7934
3 5037
3 7763
3 728
1 2428
1 4127
3 6465
1 8998
3 7118
2 4615
3 516
3 6248
1 344
3 7371
1 3412
3 2511
3 3712
1 294
3 3152
3 2542
3 2102
1 9395
3 5634
1 616
2 3492
1 5952
3 2686
2 2275
2 2297
2 247
1 2049
3 4958
1 470
3 2848
2 9585
3 2210
3 2188
2 4311
2 4329
3 2056
3 2810
1 8840
3 1001
2 8474
3 4705
1 6610
1 2540
1 2359
3 8406
3 5681
2 5690
2 4161
3 7470
1 8006
1 7477
3 4254
2 3692
3 4127
1 2013
2 2013
1 9361
3 506
3 292
3 491
3 9136
3 5122
1 208
3 1296
1 580
2 8014
3 718
2 1503
2 1734
2 1219
2 9144
1 645
1 9673
3 7745
2 9517
3 3890
1 346
1 8415
2 3846
3 7025
2 6529
2 9592
1 1222
1 1565
3 3572
2 8186
2 717
2 5165
1 3058
1 9208
1 1798
3 6105
1 2445
2 125
3 8094
2 6104
1 382
3 2873
2 2347
2 6750
1 3169
3 8091
2 5277
2 5070
3 2739
1 3228
1 9020
1 6407
1 8427
1 15
1 4766
1 972
2 8681
2 6030
1 3488
3 7391
2 6154
1 2
2 2139
1 2799
1 4343
1 5925
1 9338
2 8870
1 2312
3 5676
2 3901
2 5579
2 1517
1 7942
1 2697
2 4494
1 6776
1 2849
1 6974
1 6034
1 2812
2 912
3 5052
3 5991
2 6464
2 5438
1 3932
3 2138
3 410
3 9988
1 5751
1 250
3 1731
1 8769
3 1932
1 5838
1 3294
1 6565
1 4498
1 5278
2 5879
1 9494
3 4466
1 5926
3 365
1 4096
3 480
2 3
1 3435
2 1191
2 466
2 3012
1 7042
3 2706
3 1907
3 3787
2 7439
1 8551
1 692
1 3398
1 3386
1 4338
2 6665
1 9441
2 5220
1 839
2 3919
3 3944
1 391
3 3132
3 5140
3 3381
2 5991
1 4566
3 8888
2 8099
3 7463
2 350
2 9285
1 8426
2 3508
1 6527
2 7183
3 797
1 840
1 670
1 1785
2 7538
1 5152
3 2283
1 8695
3 9821
2 2014
1 8872
1 6598
2 9174
3 4763
2 2129
1 5847
2 1017
3 7272
1 2000
1 3850
1 6673
2 1926
3 337
3 9860
3 7522
1 4189
2 1710
2 3594
3 6435
3 1502
2 496
1 3448
1 6862
3 7230
2 6707
2 8932
3 4714
2 3568
2 791
3 6937
3 7691
2 8844
3 7488
2 4095
2 9343
2 6570
2 989
1 5786
1 769
2 6414
1 822
2 3649
2 3475
1 1498
1 7295
2 8633
1 177
1 2856
1 9917
2 5325
1 790
2 1647
3 5383
2 516
3 56
3 8403
1 6795
1 2650
2 196
2 1315
1 2143
1 90
3 2828
2 7908
1 4624
2 4050
2 8756
3 8759
3 1761
3 543
2 5973
1 8642
1 1867
2 664
3 9420
2 5638
2 4332
2 7768
2 6704
2 52
1 9839
3 2219
3 4517
2 5051
2 7577
3 1346
2 7392
2 1386
1 2864
1 4393
3 8590
2 3132
1 6616
2 9981
1 933
2 197
3 9788
2 2443
3 2276
3 4148
2 9297
2 3357
1 3572
3 2707
1 179
1 6971
3 9474
2 4444
3 2528
1 3264
1 5967
2 1264
3 1072
1 2705
1 507
1 9872
1 3458
2 1776
3 2519
3 415
1 1000
1 1767
1 2198
3 8298
2 5757
1 26
1 690
3 4879
3 5864
1 7696
3 7629
3 7902
2 8451
1 2973
1 501
1 9699
3 5639
3 4701
2 6605
2 19
1 4194
3 4203
2 7519
1 9871
2 9703
3 499
2 180
2 2181
3 1537
2 7728
1 6493
2 6844
1 3396
1 9195
2 3315
1 3932
2 6781
1 8571
3 2707
3 647
2 5626
1 104
2 6820
2 2129
3 2940
1 519
2 2242
2 9012
3 5908
3 7978
1 5747
3 3209
1 8046
2 4921
1 9354
3 4486
1 1900
1 8840
1 2696
2 5739
2 9878
1 539
1 4047
1 5933
1 9565
1 7696
1 8002
2 9394
2 6825
2 1822
1 3301
3 1800
3 3973
1 9880
1 7157
1 2659
2 2093
2 8288
2 9077
2 636
3 7393
2 5323
1 8828
2 1734
3 1719
3 1433
2 3312
2 8673
1 63
2 6037
3 7572
3 5331
2 6462
2 4139
3 3697
1 3950
2 1511
1 8035
2 3066
2 8001
1 933
1 4243
3 6271
1 1356
3 5198
2 8615
1 1988
2 5708
1 5032
2 2164
3 3572
3 1810
3 7682
1 5832
2 6393
1 9142
2 9076
3 473
1 8931
2 6304
1 1257
1 8362
2 5938
2 7341
3 9015
1 3386
3 6130
1 111
3 3952
2 6483
1 8741
1 2127
2 7376
3 8787
1 6403
1 2317
1 6399
2 5399
3 2895
3 9835
3 2064
2 9601
1 1767
3 4782
3 5552
3 9069
2 5301
2 5445
2 3524
2 1514
1 5264
3 6054
3 33
3 3958
1 824
1 9126
2 5468
2 5827
2 4148
3 7657
3 4819
2 6068
1 519
3 7928
2 857
2 7966
2 2898
3 9558
3 4042
3 6561
1 9364
2 6529
3 2873
1 795
3 2533
3 3760
3 1885
2 956
3 292
3 4036
2 7101
3 272
2 1386
3 7539
1 918
1 573
1 1247
1 2591
1 921
1 521
2 3423
1 453
1 2840
2 4015
1 5523
1 3516
2 9904
2 8737
1 90
3 4157
1 6474
1 2812
1 799
2 8397
2 5807
3 5119
3 5134
1 6073
1 8584
3 6548
3 5644
1 4143
2 2014
2 3357
3 8508
3 2192
2 3296
3 7250
3 2283
1 4853
3 8123
1 5482
3 2434
3 2063
2 4048
3 480
3 2810
3 986
2 2522
3 2294
3 2415
3 7521
3 6515
3 6268
3 7218
3 6798
3 2308
1 4366
1 892
2 5038
1 4798
3 2954
3 7760
1 247
3 7027
1 3407
2 859
1 7091
1 690
2 2891
2 1359
2 7457
3 5317
2 3243
1 189
3 3811
2 3018
3 4856
2 6811
1 730
2 904
2 4183
2 9327
1 4766
2 3813
2 1986
1 9926
3 9981
2 3072
2 6288
3 5189
1 2971
1 1512
2 9806
2 922
1 9931
2 8764
2 5507
1 86
2 5645
1 2879
1 81
2 5438
3 2275
2 9767
2 3635
2 3687
2 9794
1 4038
1 1082
3 6634
1 6797
3 6519
1 5838
2 9144
2 9044
3 6700
2 6062
1 3274
1 2849
3 320
3 6063
3 934
3 7318
1 887
3 6594
2 6970
2 9121
1 3147
1 712
1 8673
2 4790
1 7190
3 4097
1 2996
2 7378
1 9382
3 5850
3 6150
1 497
1 103
3 9793
1 2864
2 7492
2 4358
3 8996
2 9177
2 6451
3 6555
1 3264
1 3750
2 7933
2 7654
1 544
1 917
2 4523
1 221
3 1696
2 9204
1 8780
2 966
2 1422
3 3509
3 8963
1 8664
2 9233
3 8107
1 6009
1 7818
3 8201
2 5119
3 4837
2 8768
2 7256
3 7820
1 9597
1 1111
3 6127
3 4300
3 3666
1 2658
3 3917
1 1529
3 1875
2 562
3 6361
1 8312
1 22
3 5377
2 9277
3 4316
3 2822
2 9585
2 2189
3 6052
2 358
1 3397
2 7005
2 2204
1 3171
1 1391
2 7707
3 1351
2 664
2 4935
1 40
3 8188
2 141
1 7875
1 6773
2 2332
3 9010
2 9541
1 543
2 5809
3 9716
2 3367
3 6961
2 783
2 9164
1 958
1 8855
1 4624
1 670
3 9304
1 6989
3 8199
1 527
3 8791
2 6874
1 276
1 749
1 22
2 8077
1 5650
3 410
1 9294
1 1873
1 3153
3 1062
1 3485
2 18
3 5183
1 4057
1 9635
3 7786
2 441
1 4832
2 7063
1 6248
3 310
3 8349
1 2307
2 1418
2 9559
2 5458
2 9677
3 1437
1 4
2 8586
1 1652
2 9279
1 7607
1 2144
1 6201
2 5780
3 7773
1 6485
3 5144
1 786
2 9958
1 758
3 3314
3 8032
2 9352
1 1049
2 2024
3 543
1 294
1 928
2 3594
2 7049
3 8976
2 3148
2 7894
1 3692
2 3864
1 2945
2 1776
2 3574
3 8250
3 6827
1 147
3 353
3 1139
3 8595
3 5006
1 271
1 3417
2 9538
3 6671
2 6449
2 9071
3 7927
1 3543
2 6519
1 8102
2 7164
3 3637
1 9727
3 4773
2 4448
1 226
3 4435
1 4577
2 862
2 1038
3 5193
2 4091
2 896
1 3972
3 9647
3 9988
2 9766
3 2175
1 2163
1 1811
1 925
2 7805
3 6465
2 3022
1 9352
1 1879
2 5321
1 8527
1 8459
2 4050
1 8106
3 9928
1 3337
3 9372
2 350
2 4040
3 6736
1 5344
1 536
1 2949
1 6974
2 2316
1 3615
2 717
3 2708
2 1546
3 7118
3 7923
1 85
2 1296
1 9439
3 4705
3 6688
1 7211
1 7038
1 105
2 2875
3 9088
1 6034
2 9263
2 4660
3 5531
1 2244
1 9842
3 1346
1 6972
1 55
2 2785
3 8984
1 6906
3 1327
1 5737
2 6792
2 4545
2 9268
1 6235
3 301
1 5004
2 9517
1 391
1 1320
3 51
1 8266
3 9115
1 509
3 7828
2 6860
1 115
2 8065
3 1388
2 523
1 847
2 3977
1 9715
3 8448
2 3627
2 2246
2 8435
2 5198
2 983
1 6086
3 2448
3 5456
1 5379
2 5757
3 2219
1 9004
3 1002
1 1637
1 7578
1 474
2 1295
3 1845
1 7876
2 1505
1 1922
2 6719
2 4635
1 1595
2 5841
2 1582
3 5657
3 6637
1 7660
3 625
1 6333
2 3413
2 2181
2 6900
1 847
2 3153
1 7308
2 3949
1 2329
1 2758
1 7630
3 5865
3 2336
1 5515
1 3382
2 3886
2 6080
1 9896
2 3475
3 3905
1 4879
2 3754
2 885
1 9947
1 378
3 2759
2 3032
1 3343
1 6742
2 4666
3 1397
3 5805
3 8368
2 9145
1 5123
1 166
2 2630
1 3718
3 5823
2 9260
1 357
2 9608
3 587
1 5966
3 2848
2 2952
3 5751
1 9917
1 2600
3 5741
1 1952
2 6371
1 6199
2 2357
3 517
1 6477
3 8665
3 2368
2 63
2 8060
1 4800
2 7392
3 1553
1 715
1 3448
3 5519
2 6154
3 2821
1 2412
1 4848
3 3132
1 4203
3 5921
3 7441
3 5473
1 6107
1 2297
3 7439
1 9188
1 667
2 3163
1 7525
2 6188
3 2438
2 1875
1 9438
1 8769
1 3489
1 1608
1 1633
2 3458
1 4399
2 4433
2 6311
3 8882
3 75
3 2244
2 2772
2 9487
3 1862
2 7935
2 6238
2 8378
2 7414
2 994
2 1030
1 9096
2 3692
2 6930
1 881
3 2276
3 5108
1 9644
1 1731
1 8199
1 9942
1 6481
3 3218
3 2474
2 6967
2 8663
3 9821
3 843
1 252
3 3534
1 580
2 8783
1 1122
3 5032
2 5786
1 9596
3 7077
2 6712
1 219
3 3586
3 3879
2 8064
1 2388
3 2993
2 5528
2 4686
2 4581
2 5844
2 6953
2 8396
1 24
2 5080
2 791
1 3293
1 26
3 9860
1 7833
2 7895
2 3535
3 1300
1 8917
2 1219
3 7307
3 3271
2 19
1 3237
1 2854
2 6665
1 7934
2 8844
2 2662
3 2141
2 1191
3 3034
1 9503
3 130
1 2749
1 126
2 2169
1 826
2 8186
2 8427
1 8626
1 9950
1 4808
2 1195
1 862
2 551
2 7538
2 5889
1 602
3 1665
1 3725
2 9296
1 6343
3 2855
1 1215
2 9847
1 615
2 7537
2 2516
3 3843
1 3231
1 6616
2 4847
2 8436
3 1778
3 5591
2 1926
2 8932
3 1001
3 4040
1 9838
3 8298
1 958
1 2603
1 9290
2 6424
1 9212
2 6349
2 4095
3 660
2 2186
1 1095
2 7166
2 458
3 4927
2 5742
1 5998
2 2611
3 809
2 1824
3 8210
1 5617
2 8270
1 2049
3 3992
2 6442
3 3769
2 7748
1 887
1 386
2 1539
3 5480
2 9014
1 4575
1 1275
2 8513
3 2381
3 4618
2 4516
3 8406
2 5483
3 7025
1 133
1 115
1 250
2 4689
2 7363
2 8014
2 7807
3 6945
2 1017
2 1491
2 4335
2 7152
2 3901
1 4580
3 3088
1 4252
3 3953
1 8785
3 8147
2 245
1 8393
2 2072
3 4574
1 3926
1 5783
2 4131
2 3103
2 1792
1 4974
1 1799
1 8158
1 9536
2 57
2 2756
3 1096
2 7264
3 1473
1 7423
2 9449
3 5918
2 9434
1 782
1 578
3 4287
3 4272
1 601
1 7381
1 520
1 9399
3 6242
2 8791
2 7061
1 3911
1 684
2 6204
3 5513
1 3389
3 6156
2 6569
1 5126
2 7112
1 6768
3 5621
2 8462
3 1039
1 1658
1 7288
1 8832
1 3435
2 2447
1 4373
2 5882
3 5338
1 946
3 4203
2 7199
1 1047
3 4810
2 6651
2 3356
1 8702
3 6267
3 1568
2 4051
2 3599
1 7183
1 4796
3 516
2 150
3 5009
1 2480
2 4143
3 9474
3 4846
2 1942
2 8143
3 1703
2 5636
1 720
2 2835
3 5369
2 3947
2 8698
1 5751
3 1383
3 227
2 2545
2 9098
2 1051
2 7573
3 4342
3 4761
1 9553
2 3910
1 3998
1 4080
1 6276
2 6563
3 7223
3 2353
1 680
2 8607
2 5921
1 585
2 364
3 3518
3 6606
1 4248
2 197
1 9198
1 2135
3 2605
2 4494
1 9995
1 7505
2 2787
2 5454
1 286
3 4586
2 452
2 9418
3 3671
3 722
1 3125
3 8094
2 6414
2 9135
1 2605
3 3514
2 2735
1 6987
1 4930
2 7830
1 6994
1 807
1 822
1 9441
1 4194
3 2177
3 6068
1 1077
2 9286
1 2891
1 4266
1 2502
2 5768
1 3981
3 4654
2 970
3 1455
3 1531
1 4760
3 4148
3 1309
3 1513
3 3294
3 4917
2 5070
1 8154
2 9690
3 1217
1 5293
1 1297
1 708
1 4756
3 5797
2 9484
3 7109
1 7112
2 7632
1 2126
2 117
1 804
2 3070
2 2511
2 8386
1 3492
2 1911
1 5854
1 9020
1 191
1 3364
1 986
2 4096
1 1554
3 4395
2 3727
1 3830
1 53
1 813
2 1473
3 1253
3 2608
1 6159
1 4393
3 5658
1 3661
1 7399
1 8517
1 615
2 772
3 2359
1 9051
1 5799
3 6181
1 8066
2 47
2 6388
1 6069
3 2967
2 7283
2 724
3 4050
2 7409
1 4461
1 4031
1 1737
1 7417
1 4011
3 2571
1 349
1 1585
2 7028
2 3203
2 6233
1 569
2 7189
1 5835
3 3326
2 9067
3 4887
3 7193
2 6934
2 454
3 3191
2 7231
3 6777
3 4701
1 5977
1 9424
1 3966
1 8774
2 6731
2 6296
2 5165
1 332
1 8611
3 8097
2 1863
3 5619
2 4634
1 5262
2 2850
2 9704
3 6985
2 5867
1 5723
1 8519
3 6848
1 6730
3 9545
2 9312
1 6647
2 2280
1 822
1 462
2 8052
1 3541
2 8614
2 6481
1 2467
1 5367
2 1975
3 5122
1 2752
1 4060
2 9402
1 592
3 8917
1 6558
2 385
2 2117
1 9696
2 6707
1 497
2 3800
2 8980
3 553
3 8297
1 5478
1 4865
2 6383
2 4821
1 1200
2 8257
3 1922
3 2492
2 5838
1 2717
3 800
1 245
2 6086
3 5072
2 4769
2 9456
1 9350
2 164
3 3305
3 9040
1 3263
2 7560
1 3587
1 5952
1 6692
1 8006
3 7155
1 9645
3 6539
2 1607
2 1791
2 1202
2 7346
1 965
2 7745
3 2704
2 3092
1 881
3 930
2 8792
3 4919
1 3342
1 5662
3 8890
2 8417
1 5108
2 7714
2 7418
1 914
1 1573
2 5051
2 285
2 8735
2 1223
2 5701
2 6698
2 9756
3 7470
1 8551
2 8049
1 9833
1 980
2 9667
3 1311
2 9547
2 4646
3 7564
1 9047
2 4814
2 434
2 8885
3 6979
1 467
3 3318
1 2626
2 7813
2 3968
3 4441
2 533
1 5031
2 9423
3 7136
1 916
1 3836
3 7866
2 5381
3 8773
1 8487
2 809
1 5956
2 113
3 6137
1 5728
3 4163
1 571
3 1099
3 2542
2 5996
1 43
3 1510
1 6451
3 499
3 6108
2 9587
1 183
2 7521
3 299
1 6056
3 1625
2 7712
3 2686
2 5089
2 4356
1 7300
3 6021
2 9947
1 9673
1 4785
1 3735
2 2205
1 5226
1 4612
1 7786
3 1229
1 669
3 7273
1 5094
3 7876
1 1867
1 6733
2 5228
1 1242
2 7117
1 2765
1 996
2 7548
3 4479
2 162
1 953
1 6527
1 470
2 2369
2 9382
3 2647
3 6480
1 559
3 5303
3 4279
1 2900
3 3950
1 9742
1 7582
3 1488
3 2775
3 3563
1 5398
3 4918
1 1989
1 6084
3 1186
1 4430
2 8116
1 9915
2 6469
3 6278
1 4462
2 8009
3 8581
3 1233
3 8632
1 6818
2 2617
2 3875
2 4344
3 253
1 8557
1 259
2 4187
1 1195
3 8071
3 4044
3 1547
2 6214
1 8695
1 8509
1 8552
1 8
2 4487
3 1027
3 1484
1 2061
1 9962
3 2828
1 9872
2 5687
2 7066
3 9130
2 3468
2 9269
3 8134
1 4920
3 1028
2 4486
2 5067
2 9565
1 8469
1 9396
3 2658
3 8042
2 3139
2 8474
3 3059
1 993
1 8692
2 4052
2 2873
1 3246
3 9661
3 2511
3 5635
3 7635
2 253
1 6483
2 5293
2 3909
3 6495
2 9576
3 7612
1 1268
1 2187
1 1609
3 3269
2 4223
3 4958
1 7119
1 8998
3 5557
2 709
3 7907
2 272
1 2336
2 1778
2 390
3 491
2 7715
2 7735
1 651
1 7260
2 3556
3 9374
1 8232
1 386
1 4869
2 8313
2 1710
2 1696
2 5765
3 2705
2 8961
3 4082
2 7577
2 6705
1 4037
2 2680
2 2426
3 6011
3 6144
2 7062
1 941
3 267
3 5012
1 927
1 4484
2 2206
1 1784
3 1746
1 4670
1 9494
1 5711
1 7714
3 5272
1 4847
1 7870
1 97
1 3730
2 7108
2 7598
2 503
1 1899
2 7655
1 4780
3 8831
2 1061
1 413
3 5052
1 984
1 4269
2 3125
2 5719
2 6531
2 609
3 2105
2 3851
2 74
2 4064
3 4763
1 7537
2 8924
3 8064
1 8576
3 6259
1 5221
2 2457
1 7474
2 5220
3 285
2 6786
1 3284
1 9332
1 9800
3 8458
2 9362
1 8872
1 6217
2 4424
3 1161
2 3294
2 8954
2 2118
1 275
2 9125
3 8907
3 5327
3 2056
1 4973
3 195
1 1018
1 5354
2 3816
3 3535
1 6029
2 6478
3 3381
2 8155
3 2761
1 4078
1 580
1 4327
1 3850
1 5433
1 5347
1 9974
3 3227
2 2337
2 1344
3 9497
2 9301
1 677
1 7861
2 5943
2 3993
3 9071
1 2310
2 6365
2 4007
3 9460
2 2109
3 4572
1 1568
3 6466
1 26
3 9914
1 6439
1 769
3 7519
2 2816
3 3560
1 507
1 688
1 1645
3 4933
3 4675
1 5976
1 6756
1 5114
3 3062
1 7208
1 9103
1 6155
1 8720
1 9191
1 4542
1 369
3 1987
3 2117
1 1222
3 3985
3 7881
3 9778
3 4215
3 9655
3 6934
3 7243
1 9692
1 9282
3 8251
1 1325
2 489
3 3217
3 9064
2 7718
1 333
3 39
1 7774
3 8363
3 3379
2 5767
2 6671
2 9035
1 4442
1 637
3 798
3 4668
3 1907
3 5634
3 4694
2 4615
1 7160
2 1540
1 1430
1 8868
2 1325
2 4386
2 7769
3 4046
1 7145
3 4363
1 4759
2 9196
3 7768
3 6709
1 223
1 3572
3 1022
3 7662
2 6790
2 1253
1 3139
1 4540
3 2102
2 6152
1 1730
1 925
1 6565
1 8606
2 317
1 2151
1 2564
2 52
1 5072
1 8351
3 4532
2 7494
2 3284
2 2762
1 7287
1 7865
3 2097
1 928
2 8875
3 7272
1 7331
1 7233
2 1765
1 8612
3 8965
1 2060
3 5037
3 1595
3 7651
3 1200
1 926
3 8077
2 3994
1 7375
1 6849
3 2843
2 8107
3 3569
3 3470
1 5075
2 8880
1 9611
3 8977
2 9629
1 7688
3 9564
2 1308
1 2957
2 1360
2 3798
1 7066
1 9591
3 5937
1 227
3 7952
3 7527
1 1755
1 6493
2 3778
3 2528
3 4311
2 4767
2 9415
1 832
1 4685
1 3601
1 2018
2 668
3 5092
2 1484
2 7736
1 654
1 1390
2 989
1 7255
3 6269
3 6642
3 6048
3 5191
1 747
2 841
2 9900
3 7745
3 4994
3 9117
3 6372
3 8381
2 7359
2 2948
3 3040
2 7174
2 2228
3 3648
1 8305
2 4085
3 7398
1 5002
2 1594
2 1963
3 6982
1 523
2 3248
2 138
2 8457
2 3629
2 2747
2 4449
1 276
2 2013
2 7226
1 321
1 9082
3 1828
3 1060
2 7327
2 6933
2 4704
2 3837
2 1238
1 2068
3 6265
1 9011
1 4356
2 2981
3 8548
1 3460
1 392
3 8149
1 2371
3 415
3 6533
1 2518
1 9830
3 8395
2 7861
2 4312
2 7580
3 5383
2 3656
1 6971
3 4466
1 8749
2 3450
2 3725
1 9792
1 9076
3 1252
2 1823
1 110
1 6673
3 1935
1 9452
3 801
1 6610
2 3914
3 1343
2 1315
1 3608
3 8213
1 839
3 485
3 4248
2 3881
3 644
3 4682
2 9733
3 8283
1 5870
3 2318
1 5015
3 5351
1 490
3 8051
1 3479
3 8494
1 5074
3 2609
3 7739
3 1672
2 2931
3 3993
2 4895
2 1374
1 5717
3 6746
2 8675
1 9032
2 6676
1 9706
3 3465
2 5008
2 5173
2 2846
1 2512
1 6801
3 9408
3 9877
3 3152
3 8053
2 8895
2 5599
2 3046
1 6496
2 7660
1 6817
2 1685
3 448
1 74
1 6578
3 7814
3 468
2 181
1 8812
1 452
3 5062
1 3488
1 5046
3 8240
1 9235
3 8998
3 9444
2 2044
1 419
2 3305
2 1352
1 8747
3 1520
3 8361
3 9905
1 2637
1 2977
2 870
1 4338
1 7854
1 5220
1 429
3 5146
1 4064
1 4189
1 2815
1 2331
3 3756
1 583
1 8369
2 3792
2 2804
2 2956
1 7291
3 9147
1 590
2 7412
2 6321
1 874
2 9615
3 2803
2 2893
1 9902
1 6662
1 8309
3 2684
2 1939
2 979
3 5466
2 5895
2 5837
2 6771
2 1210
3 257
1 1606
3 9522
1 1175
2 7566
1 8072
3 2994
1 2838
1 3719
1 4210
3 7551
3 177
3 2514
1 7431
3 8525
1 6888
1 1748
2 4209
3 7072
2 1127
3 807
1 1155
1 805
2 4860
2 8354
1 747
1 9470
2 1424
2 5892
1 6658
1 104
1 4621
2 3916
1 5573
2 5858
1 336
1 685
2 792
1 688
3 840
3 8811
2 5240
3 3723
2 5472
3 1677
2 1314
1 6679
1 1844
3 6167
1 1832
3 3890
2 9975
2 3644
1 5290
2 55
3 187
3 8477
2 5093
1 2711
3 6179
1 2923
3 2134
3 5265
1 2179
2 4750
2 5150
1 518
3 5315
3 3816
2 7404
2 9622
1 86
2 2055
2 6374
1 5980
1 3517
2 2610
3 6947
3 7189
3 4127
3 7867
3 1789
1 4767
1 605
2 3417
3 676
3 1932
2 2443
1 4661
3 4535
3 5864
2 3919
3 4704
1 5397
2 6318
2 8084
2 854
1 3228
2 5690
2 8951
3 4499
3 7933
2 5113
2 7444
3 7685
2 5427
1 7915
2 894
3 3787
2 1116
3 290
2 6333
1 611
2 3499
3 636
1 1557
2 8237
1 3192
3 5639
2 8753
2 1647
1 1656
3 3396
2 7519
1 6685
1 8071
2 2496
1 684
3 9750
3 4505
3 9565
1 6727
1 4526
3 1489
3 3820
3 5497
3 370
3 8759
1 554
3 9723
1 961
2 1920
1 793
3 5868
2 7458
1 6575
3 3928
1 529
2 3132
3 6016
1 4302
1 2256
3 6651
3 2739
1 914
2 3335
3 7849
3 7688
1 920
3 6654
3 3817
1 680
2 734
1 9147
1 167
3 7691
1 8454
3 6018
3 870
2 8647
3 8214
2 7292
2 5311
1 6752
3 2154
3 1952
1 8129
1 8794
2 3012
3 7788
1 676
1 5899
2 8032
1 4868
3 7620
2 3493
1 5028
3 1970
2 4311
3 6422
1 6456
1 6302
2 9881
1 736
1 4709
1 685
2 648
2 4609
1 4455
3 834
2 6704
3 7970
1 9839
1 2580
3 2738
1 3996
1 8523
2 8637
1 1411
1 9338
3 1242
2 6195
2 7554
2 1264
2 4951
2 9123
1 6663
1 872
3 6758
3 1502
1 7286
1 5800
1 3766
3 4561
2 473
3 8154
1 5171
3 2076
1 7060
1 5792
3 5074
2 5818
2 5408
2 5349
1 2540
3 8736
1 3531
3 3207
2 5886
2 6432
2 7506
3 7902
1 260
1 9491
1 8079
2 7182
1 1125
1 9585
2 1313
1 5034
1 2092
2 6711
2 7439
3 4791
2 2523
1 9143
2 2139
2 9995
1 197
1 512
1 2153
3 7252
2 932
2 7629
3 4431
2 405
1 425
2 1110
3 2958
2 79
1 1489
1 1681
1 7701
1 776
2 5800
2 1717
1 390
2 886
1 6205
3 5166
3 3691
2 494
3 8687
1 841
1 1473
2 5991
3 7530
2 4409
2 1976
3 1753
2 3029
1 9560
2 421
3 8590
1 4020
2 1350
1 6502
1 5859
3 8181
3 6266
1 798
1 2215
2 6778
3 2230
3 5477
2 9703
1 6444
1 9412
2 3256
3 1954
1 692
1 8859
3 1537
1 7040
1 7067
2 1439
2 1152
2 5501
3 2222
2 7786
3 9143
3 9666
2 672
1 7663
3 4879
1 608
2 294
1 3578
1 1456
2 4008
3 4322
1 5286
2 769
1 7737
3 588
2 8342
2 8413
2 3898
2 354
2 1269
1 5496
2 2796
3 1220
3 3631
1 9152
1 2289
3 7146
1 276
3 325
1 7682
3 2067
2 1964
3 5651
1 103
2 7514
3 8474
1 967
3 8605
1 8179
3 5492
1 4723
1 9365
2 6747
1 8188
2 7253
3 761
3 3071
2 823
2 8207
2 4436
3 4303
1 9002
1 3771
2 6221
1 4744
2 3936
1 5311
1 15
1 886
3 1640
1 817
3 7742
3 6385
1 3598
2 1438
1 2649
2 8779
3 8100
2 7908
2 2094
1 9671
3 530
1 741
3 5360
1 5845
1 6018
2 1478
2 3492
1 2719
3 679
2 4357
2 4834
3 3475
1 402
3 6937
3 1697
2 7824
2 3877
2 9225
3 1507
2 4025
1 2418
3 9330
2 6739
2 7321
1 731
3 7972
1 6469
3 8264
3 1412
2 9115
3 6580
2 2347
1 3512
2 1107
2 5030
1 214
1 6394
2 8500
1 8992
1 4091
3 7427
2 8504
2 8633
1 5485
1 9841
2 4264
1 4149
3 175
1 2125
2 2965
1 6951
1 3017
1 91
2 5594
3 5292
1 7942
1 985
2 6201
1 46
1 9854
3 9662
2 4654
1 2360
1 3281
1 5687
3 9420
1 3883
1 4794
3 68
3 9727
2 8550
2 5403
2 2328
1 5839
3 7152
3 7464
1 1435
2 735
3 3689
1 9163
3 3775
2 3525
2 7529
1 1498
2 5441
1 346
3 1974
2 9553
3 4966
1 2799
2 7768
3 189
2 3846
2 742
1 51
1 6568
1 5652
1 5759
3 3400
1 9
1 6915
3 8539
2 5582
1 9859
1 480
1 10000
2 7416
3 8173
1 5917
3 6104
3 9788
2 176
3 4464
2 5085
3 725
2 2418
2 7435
2 2963
1 280
2 6260
2 9633
3 3989
2 4517
3 8775
3 5681
3 984
1 3940
3 5187
2 2659
3 926
1 3941
3 1024
2 6380
1 4343
1 6289
1 395
2 1002
1 5254
1 552
2 3797
1 1984
3 6102
2 954
2 5930
3 1457
2 6179
1 6119
3 535
1 7443
1 595
1 170
1 739
2 591
1 1740
1 2687
2 3279
2 1614
2 1245
2 587
1 5708
2 6464
3 2376
1 2710
3 6105
1 1907
1 5795
1 6795
2 3035
2 2239
1 6182
3 3870
2 5133
2 7075
1 6390
1 7146
3 980
2 1337
1 8027
2 2271
1 8001
2 6373
1 173
3 3549
2 3488
1 2673
1 616
1 6835
1 7122
2 8099
3 5358
1 6057
1 912
1 6001
2 2111
3 337
1 7128
3 447
1 4691
1 78
2 2677
2 9933
1 7572
3 719
1 8857
2 8847
2 107
2 5581
1 3436
1 803
2 8716
2 9952
3 3763
3 6031
2 6175
1 701
1 2642
1 1377
3 9875
1 4395
3 4193
1 2036
1 9402
2 1538
1 8244
2 5935
2 9069
1 9361
2 6605
2 6518
1 1565
2 5859
1 1835
3 7167
2 6376
1 7303
1 6544
1 176
2 7183
3 1072
1 653
3 6563
2 7938
3 8964
2 1811
1 63
2 496
2 6155
1 291
3 9190
1 6776
1 5007
1 8426
3 5599
1 826
2 9216
1 3260
2 7100
3 4379
3 847
1 8854
2 7281
1 7760
3 9954
2 4403
3 8091
1 9223
1 1017
2 6532
3 9646
2 7892
2 9249
2 5951
3 6151
2 9328
1 206
2 7812
1 311
3 3419
1 1181
2 2225
1 8907
2 250
2 8718
1 6986
3 728
3 2015
1 620
3 797
2 6570
2 5462
3 8037
1 7327
1 7546
1 1639
2 8295
1 6109
1 841
2 2216
1 3434
3 7245
2 2336
3 6251
3 6906
1 1892
3 5084
1 2312
2 7216
2 3218
1 1897
3 900
1 1560
3 363
2 4564
2 1109
3 7671
2 1925
1 883
1 1824
2 1678
2 7272
2 9592
2 4975
1 3764
3 9205
1 6665
1 385
2 9739
2 46
2 6846
1 9171
1 8801
1 7243
2 5973
1 5053
2 9237
3 9848
2 9421
1 8750
3 9757
2 4146
3 6917
2 2531
1 2
3 8271
1 2621
3 1140
1 2389
3 6380
3 8537
2 1531
1 7621
2 9440
2 3484
3 2626
2 4200
3 7509
2 4347
2 1982
3 6115
3 9518
2 5069
1 7702
2 5910
2 1878
2 5727
3 6876
2 2869
2 5503
3 7342
2 247
2 3867
1 655
1 44
3 4662
2 5278
3 8836
3 9871
1 4498
3 9866
2 9308
2 4522
1 5982
1 373
3 2807
2 7884
3 3944
1 9545
2 9297
2 725
1 129
2 4150
2 9747
2 5277
3 5935
1 9961
1 6949
3 1767
1 5860
1 4206
3 8289
3 6928
2 2915
1 376
2 8020
1 865
2 423
2 4705
1 6595
2 5242
2 7913
3 9351
1 3896
2 5638
2 7329
3 6769
2 1561
1 1350
1 471
3 2934
2 9304
3 3772
1 5720
3 54
2 6989
2 1506
3 4124
1 5321
1 616
1 6460
3 3215
1 6338
2 5749
1 9874
1 7249
3 3603
1 8045
2 3768
3 2519
3 1246
2 3598
1 627
1 7559
1 667
1 2842
2 3
3 7976
1 4096
2 1150
2 8780
3 64
3 1138
3 4459
1 3398
1 9688
3 5339
1 4365
1 5055
1 8850
1 501
1 4547
1 6407
1 644
1 5018
3 969
1 180
2 4063
1 3698
1 2123
2 5086
3 3162
1 863
3 5618
2 3154
3 4947
2 1041
1 1005
1 287
2 5944
2 5544
3 9689
3 932
2 1257
3 3179
1 9227
3 7579
1 636
1 634
2 8252
1 315
1 8136
1 2845
1 804
3 7158
3 1049
3 1659
2 144
3 6294
2 2802
1 233
2 3047
1 9129
1 4946
3 835
3 6926
3 197
3 7365
3 6435
3 3061
2 5639
1 9208
3 6248
1 5634
2 6762
1 4790
1 2973
3 4604
3 6687
3 8372
3 1478
2 2427
2 3618
2 6802
1 4948
3 9776
3 131
1 8096
1 4448
2 9546
1 9975
3 5646
2 4118
2 1641
1 5115
2 6378
1 2214
3 699
3 8853
1 446
3 1656
1 8622
2 1889
1 7042
1 9343
3 6410
3 2793
3 455
3 9138
3 6834
1 7216
1 2435
1 713
1 8578
1 1785
1 1000
3 6809
1 5922
2 1148
2 7156
3 2188
3 7957
3 3522
1 8948
2 2222
3 7391
1 8144
2 4329
1 666
1 745
1 6117
3 973
1 7498
3 1806
1 875
1 3691
3 1492
1 214
1 2908
1 7390
2 1328
2 6868
2 6567
2 1857
2 4120
3 8425
1 5422
2 9231
1 790
2 9779
2 4898
1 1120
1 7733
2 6727
1 6261
2 2297
2 9267
3 951
3 7775
3 8017
1 6459
2 5961
1 847
2 8681
2 516
1 834
3 5567
3 6080
2 196
3 2416
3 2892
3 2991
3 6631
1 2359
3 2548
1 690
3 9312
1 2094
1 1803
2 8568
3 3544
1 8427
1 2496
3 7847
3 4396
1 8731
2 8797
2 5339
3 1448
3 3751
3 823
2 6132
2 1610
1 9335
1 9576
3 4776
3 7984
2 2330
3 1830
3 4238
3 5472
1 5785
2 8996
2 4157
1 2425
3 1720
1 8025
1 4747
3 7421
3 1493
2 8709
2 7036
3 5174
1 601
1 42
3 4517
2 236
1 5548
1 248
2 8454
1 8389
1 3410
2 9571
3 7975
3 6972
2 9606
3 7854
3 3943
1 7271
1 5441
1 3644
3 2726
1 8734
3 3474
3 9766
2 3106
1 932
1 208
3 8888
1 7850
3 7465
1 2609
2 9436
3 997
1 3949
2 6726
2 2068
1 513
1 6682
3 8197
1 153
2 4535
1 8415
1 339
2 9331
3 2427
3 2305
3 6381
1 2025
2 7595
1 894
2 6190
1 1205
2 8946
1 1382
1 6164
2 457
1 784
1 1965
1 642
3 6761
1 3907
1 968
1 7099
2 1074
1 5517
3 6674
3 4023
2 2648
3 1763
3 8296
1 5102
2 4602
1 4823
3 1190
1 4287
1 9527
1 7788
1 8559
3 6143
1 5975
1 1896
2 8558
2 7590
3 3363
3 2329
3 2985
1 406
2 3273
2 6697
3 8978
2 6657
2 5868
2 8183
1 4119
1 373
2 8605
3 9652
2 1587
2 3653
3 3183
1 5776
3 718
2 8468
1 9812
2 6198
1 912
1 721
1 960
2 3232
2 8756
2 2465
3 3286
2 7140
3 7757
2 4804
2 53
1 3467
2 7915
2 865
1 3671
2 9659
1 4213
2 6875
1 4480
1 1794
3 3397
2 6308
1 179
2 2275
3 3457
2 5871
1 1309
1 1917
2 7218
3 8352
1 5291
3 1087
3 1219
1 6678
2 6936
2 9825
3 5919
2 6835
3 7232
1 6654
1 250
1 2413
3 9127
1 5615
3 5496
3 7113
2 2526
1 2222
3 4174
1 1020
1 3617
1 2873
3 8895
3 5812
3 7405
2 7770
1 9699
3 8266
3 1429
2 6929
3 7463
1 2695
2 1732
1 718
3 5742
1 4026
3 6963
3 3053
2 647
1 1143
3 6391
1 5263
1 5068
2 8556
1 4891
3 4596
3 56
2 68
3 4471
2 9285
2 8877
1 9651
2 5563
1 8770
3 9590
1 231
2 9370
2 5256
1 2954
2 2112
1 2445
2 6767
1 5365
3 7141
1 5062
2 2563
1 501
2 4688
1 174
1 7035
1 93
2 6873
2 9887
1 7065
3 5704
2 180
2 1573
2 6921
2 9748
1 3463
1 4579
1 7950
3 3616
1 8582
2 3360
1 382
1 1438
1 9217
2 1631
3 3712
3 6437
3 6879
2 2993
2 6165
1 6996
3 5965
3 6423
2 1567
1 253
2 8188
2 8498
1 3020
2 7102
2 3952
1 205
2 905
2 3791
3 8793
1 3122
1 1798
1 9395
1 344
1 8422
3 1116
1 1116
3 6575
1 1280
3 3774
1 6711
2 2701
1 8400
2 9841
1 3759
1 335
1 654
3 7209
1 6702
2 1770
3 7629
2 7211
1 7295
1 4079
1 6965
3 5396
1 1029
2 8654
1 8822
3 69
2 654
3 1102
3 4979
2 7657
2 2272
1 656
2 4269
3 2162
1 5416
3 478
2 7393
1 5507
3 2897
1 246
2 6653
2 6986
3 769
2 8852
2 4813
1 177
3 6039
3 5111
2 125
2 7528
1 438
1 6420
1 7503
1 1687
1 1142
1 5394
1 7761
2 9988
2 633
1 5211
2 1852
1 5945
1 4864
1 2143
1 1703
1 6757
3 1739
2 239
2 5315
1 9785
2 4082
1 2428
1 895
3 408
3 7183
2 9944
1 4319
1 9344
2 4590
1 5277
1 4019
1 6134
3 8282
1 8178
2 8870
2 6130
3 4424
3 812
2 2669
3 821
3 7865
1 5132
1 8736
1 6510
3 4068
2 8296
3 701
2 9818
1 5595
1 3265
1 7903
2 9890
3 4721
2 3742
3 2762
2 2702
3 772
3 237
2 5099
1 2587
1 789
1 596
3 8058
1 4335
2 6418
1 2093
2 6030
1 8705
2 2243
1 3368
2 892
3 1734
2 5020
1 3068
1 318
2 5879
2 4575
3 3598
1 4860
3 3448
1 5389
2 5634
3 8403
2 3301
1 1327
1 769
3 2792
2 7032
2 834
2 9799
3 4189
2 5621
1 391
3 5474
3 7522
1 2697
2 5994
2 7429
2 5799
3 1018
2 3202
1 3219
1 942
1 9711
1 9178
1 5786
3 492
2 3465
1 79
2 7619
1 256
3 8471
3 2349
2 5526
1 1669
1 608
3 2953
2 2603
1 1675
3 1154
2 5893
2 564
3 5886
3 1761
3 9678
1 337
2 6215
3 9644
1 5006
1 7139
3 5960
3 7500
3 7230
1 3902
1 6557
3 5883
3 9903
1 75
3 6008
2 6679
1 4342
2 4246
2 3534
3 3234
1 9628
1 9548
1 5095
1 5152
2 937
1 4877
2 8330
1 597
2 6274
1 540
2 1339
3 3524
3 4851
1 2705
1 8029
3 5861
3 3237
1 7083
2 1234
2 4985
2 8341
1 2776
1 6976
1 3103
3 7371
3 4305
2 7394
3 9267
2 4727
1 1505
1 8449
1 9421
1 2324
3 6818
1 1128
2 9981
1 4665
2 3178
3 5140
2 8720
1 5813
1 5959
2 9498
2 8742
1 5926
1 8997
3 1731
1 9888
1 2013
1 698
1 1988
1 5578
3 2146
1 933
1 273
1 1868
1 6169
3 6738
2 2564
2 2247
1 3294
1 5725
3 4971
1 645
1 943
1 3458
1 9710
2 8062
3 9895
3 3313
3 9829
1 1404
3 2068
2 7448
1 7931
2 4844
2 3170
1 2858
1 3058
3 6449
2 3776
3 7444
3 1926
2 1105
2 662
2 3708
3 7148
1 1451
1 5162
2 6310
3 9011
3 5342
3 2210
2 4352
2 1634
1 702
2 243
2 1646
2 8276
1 814
3 2860
1 8715
3 2624
1 5464
2 2954
2 3969
1 6284
3 236
1 324
1 4518
1 2681
2 8496
2 6686
2 8268
1 5219
3 8447
1 5753
1 5278
1 2961
1 8175
3 2481
1 6428
2 6541
1 1408
3 7488
2 6489
1 2650
1 3169
1 4940
1 8642
2 5755
1 8738
3 2864
3 2051
3 4894
1 836
2 5469
1 9624
3 1745
1 49
1 2224
3 5213
1 7009
3 2428
3 2152
1 9077
1 2533
1 2414
1 1816
1 1456
1 1317
3 7387
1 5093
1 7305
1 4491
2 22
3 1586
3 7633
2 3953
1 1075
2 517
3 2033
2 3685
1 383
2 8458
3 6314
3 5291
2 4529
1 2270
2 5167
1 2406
2 5579
1 265
1 5967
3 6567
2 912
2 9343
1 9749
1 4440
3 8627
2 7232
3 8287
1 354
1 2856
1 934
1 4755
1 9530
2 1606
1 2640
3 1355
1 4566
2 3908
3 2303
1 307
3 2706
2 7959
1 408
2 4389
1 6862
1 242
2 8822
3 9252
2 3879
3 967
1 4949
2 7201
3 2345
3 5991
1 292
3 232
2 7578
1 5510
1 1446
1 4738
2 2004
3 4922
2 3906
2 6791
2 5261
2 447
3 4133
1 360
3 9659
3 4729
2 3937
1 616
1 4825
1 7477
2 8076
1 2927
1 5400
3 1738
1 5209
1 7205
3 3225
1 3071
3 2887
2 8693
2 4592
3 2094
3 8376
2 5004
1 4229
1 6239
1 185
3 1802
3 6097
2 9417
3 5763
3 9394
2 6943
3 2020
2 8451
2 8085
1 967
2 1249
1 1538
1 8841
1 962
2 2604
1 7620
2 5304
2 4662
3 5301
1 592
1 1062
3 3391
2 4004
1 7455
1 5182
1 919
3 5874
1 3019
2 1220
1 5869
3 4254
2 8105
1 5626
2 7986
1 541
3 1465
1 554
2 8359
1 655
3 2504
2 7093
1 1499
2 9715
1 9809
2 1087
1 2000
2 1517
1 3789
1 423
1 6327
1 7615
3 1204
3 3559
1 1236
1 4983
2 8616
1 1970
2 4256
1 1054
1 7520
3 4722
2 1258
3 5287
3 7903
2 6555
3 7004
3 9733
3 961
2 1760
3 995
1 4264
3 146
1 6374
3 9892
1 671
1 3256
1 246
2 4161
2 2250
2 6213
1 8208
3 7864
1 3963
2 4444
3 3491
3 9969
1 5925
3 1296
2 5685
1 872
1 634
3 5711
3 6554
3 5046
1 4836
3 7734
1 1315
2 5325
2 1408
1 6306
1 35
1 859
2 6666
2 5967
1 2781
1 601
3 1194
2 4697
1 5880
2 7342
1 1686
3 9826
2 9820
2 4982
2 3508
2 3649
3 7336
2 3250
3 8327
3 4828
2 466
3 1175
3 155
3 4312
1 5029
3 7468
1 2090
1 4428
3 2674
2 2510
2 8485
1 4563
3 2832
3 4714
1 9776
3 2753
2 3988
1 9432
3 5928
1 5516
2 9577
3 46
1 3024
1 532
3 8387
1 934
1 618
1 5244
2 5257
2 7385
3 4795
1 454
3 1604
1 3931
1 4851
3 3887
3 402
1 3777
1 1455
1 7166
1 7922
3 3483
1 482
1 3412
1 5525
2 1503
3 8473
1 4127
1 2482
3 1771
1 8742
2 6750
1 7080
2 8314
3 9611
2 2713
3 5676
2 8017
3 2136
2 2836
1 9373
3 3860
2 7719
2 8138
3 4978
1 972
2 3448
3 6511
3 8753
3 422
2 6104
2 324
2 3568
3 6237
3 9467
3 7617
3 4745
3 1330
2 9637
3 5624
3 6165
3 3015
3 2635
3 6359
3 7328
1 6895
2 8191
1 8484
2 7295
3 9566
2 3578
3 101
2 2578
2 6656
3 5940
2 4641
1 9871
1 717
1 840
3 7826
3 581
1 5740
3 3530
1 6271
3 808
2 1910
1 6147
1 2132
3 2849
1 3954
2 4722
3 2779
2 7728
3 4421
1 4555
2 9176
1 379
1 9866
3 9070
2 429
1 4907
1 2525
2 9046
1 5828
1 5847
1 4290
3 5768
1 9285
1 70
1 769
1 6265
3 2234
3 2138
3 6383
3 3627
1 8908
3 4813
1 1502
2 1993
1 8936
2 1240
3 275
3 2226
3 5076
2 3793
2 6399
3 8645
2 9174
3 4760
3 7595
1 5529
1 2115
2 7525
