5 4628
4 5807
3 964
4 9205
3 2816
1 5340
5 4045
1 5769
5 5635
5 3276
2 7911
3 2886
5 3222
4 4750
2 7269
2 2620
1 6802
4 9537
4 2349
4 1048
1 4162
3 5718
4 8433
5 8817
4 6374
2 6287
2 4851
1 2114
5 9430
4 8925
1 1095
4 9692
5 5569
2 2323
3 6703
5 207
5 9405
3 7881
2 7089
1 9520
4 8926
4 4107
1 7958
3 5643
1 4017
4 7193
3 4904
1 1089
2 8138
1 6019
4 75
4 5962
1 1774
4 1492
1 8967
1 7179
2 7792
5 2844
2 2736
2 586
2 4906
2 9213
2 4141
4 4767
5 2170
5 5308
4 7738
2 6297
2 6961
3 3967
1 1365
5 6154
1 2492
1 4720
3 919
1 2698
3 4491
5 4503
2 2773
3 3961
3 6758
1 3157
2 5849
2 4656
3 3518
4 4175
5 9042
5 2268
5 2976
5 6576
5 8376
1 361
3 931
2 2218
5 3064
3 2297
1 5914
4 646
4 6632
2 1951
2 874
3 5793
1 7198
3 8455
4 2519
5 4934
1 4870
2 5026
4 6203
5 1624
4 2331
1 9986
2 9911
1 5309
4 5177
4 481
5 5746
3 5499
5 2058
2 8398
3 9038
2 5835
2 3506
4 5733
3 8073
1 1946
5 2923
4 2445
4 5258
5 199
4 1152
4 9571
4 8965
5 2672
2 6060
5 2444
4 3938
5 3583
1 4488
2 1662
3 8482
2 9418
5 1901
4 6373
2 7995
5 6771
5 5611
2 9209
1 1981
4 363
1 7631
4 3279
4 1445
5 7885
1 2723
3 2337
3 3896
5 4988
1 8055
1 7869
4 7903
3 8048
2 3852
5 986
5 7327
1 758
5 1142
1 1793
3 3459
1 14
2 8963
3 7635
4 1141
1 5732
3 4978
1 9575
3 6231
2 4870
1 8666
5 1507
1 51
4 2696
1 1802
1 9075
1 5307
4 4743
5 4605
1 8445
1 3846
2 5733
4 413
2 1335
1 6912
4 6347
3 4655
5 6837
2 1062
4 2130
2 4215
5 2336
4 3437
4 4379
1 4327
3 2658
1 6454
2 1068
3 6768
1 9266
4 1833
1 9083
3 421
4 8312
1 2630
2 2402
5 9432
1 8986
1 9669
5 5320
4 1438
2 4938
5 7023
3 5330
5 9912
1 610
1 1702
2 2181
5 4388
4 9236
2 5798
4 6418
4 4142
4 9691
1 7802
1 8049
4 9301
1 1275
3 8214
2 1268
5 4203
4 1656
1 835
3 2347
5 9156
2 9405
4 7637
5 8710
1 8066
3 7553
3 2111
3 6117
3 5943
3 1676
5 6903
2 7533
3 9953
4 8602
2 7362
1 2304
5 9759
5 4608
5 481
1 5016
1 2448
5 9300
4 1477
2 4869
5 5423
4 6677
5 259
3 6066
1 1297
4 6736
2 2214
3 2960
4 1306
3 4289
2 7883
4 6770
2 7237
3 7865
3 2362
2 1483
1 8473
1 3611
2 3719
2 4318
2 9229
2 1201
4 2193
5 9351
1 2510
5 2197
2 5462
5 3495
5 8390
4 2959
5 9142
1 3411
2 6325
2 3188
5 9829
4 2147
5 4637
4 8322
3 1066
3 5115
3 3125
5 7220
1 856
4 4669
5 7384
1 8648
4 8559
2 6264
1 4971
4 8649
2 6225
4 4474
1 5207
5 9874
2 5820
2 7198
2 8820
5 1343
3 3656
5 6429
3 3728
5 5394
5 292
2 6343
4 6733
3 4276
4 7301
2 5004
1 4024
2 3981
4 7659
1 3397
5 8548
5 7040
2 8684
5 9691
1 9522
3 248
5 9897
1 4470
4 5460
2 2121
4 2198
5 1599
2 4624
5 9282
1 8588
4 5557
4 5917
3 6882
2 3886
2 169
4 621
2 8106
5 3677
3 9712
2 2148
2 977
4 161
5 8729
4 6230
4 9501
3 2931
5 1070
3 7374
1 4614
2 4940
1 4000
2 7281
1 7137
4 5001
1 1228
5 8490
5 2102
4 6480
5 5869
2 8120
3 2473
2 5400
4 9514
4 4617
2 5478
1 2609
2 7293
1 3741
5 5717
1 1226
1 687
5 3000
1 9276
1 4655
4 4197
5 2172
3 2241
1 7868
2 3912
4 7388
2 2722
1 4585
1 1936
5 3585
3 6048
1 4411
4 1253
2 3939
1 8612
5 7706
2 5552
3 8258
3 9398
1 5907
4 8088
2 4394
3 2950
5 6199
4 2335
5 536
4 8603
1 8576
5 3888
2 7385
2 7635
1 2577
3 5905
4 6401
3 7330
2 9748
4 4796
5 4446
1 9611
4 4078
4 6296
1 5809
5 6954
1 2836
2 5945
2 7378
1 205
4 4970
5 8848
4 166
1 1496
2 9116
5 7187
5 7250
2 5816
2 7247
2 9235
2 4731
4 8007
5 6222
3 2995
5 3048
4 1733
2 330
4 2655
1 49
2 9816
2 2613
5 5767
1 6106
2 4464
4 9245
1 6770
5 5641
4 3012
2 9759
3 3361
5 3652
2 2488
3 8792
4 1991
4 2664
2 8405
1 948
4 8863
5 3615
1 5718
3 2769
3 4733
5 1954
5 5995
4 82
4 681
3 1601
1 4562
3 3771
4 2553
2 2306
4 8697
2 6618
5 4590
5 9721
5 2209
3 5874
4 7403
4 6907
2 6965
3 2758
2 836
2 259
5 1328
2 8641
5 9339
3 9536
4 9213
5 3794
1 7257
3 8054
2 2442
2 2430
3 1988
4 572
5 4635
5 2502
2 126
4 7697
3 7488
4 1828
2 529
4 8844
3 4573
3 5546
2 476
2 398
1 122
4 4324
5 4423
5 8613
2 8252
2 9777
2 2039
5 187
3 5135
1 9444
2 7541
5 3870
2 7462
3 4029
1 7323
1 1504
5 4644
2 4406
2 6255
3 3155
4 6961
5 1600
3 5740
2 9706
2 1226
3 6432
1 7872
2 8857
2 2944
4 3266
4 9223
2 9143
4 289
1 7315
3 3354
1 4883
5 5207
4 9891
4 5400
2 6195
5 3897
5 1107
1 6426
5 4252
4 9993
3 2387
5 8970
5 4385
5 8102
3 885
5 2417
1 264
1 4247
3 5657
1 792
5 4823
4 1589
1 7722
4 9827
2 2784
3 5525
2 9615
2 7603
2 8227
1 2245
4 2368
1 2048
1 2772
4 7546
2 2322
3 427
1 1050
1 9895
4 8869
2 4100
2 6330
2 6179
3 8798
1 9545
4 233
1 5375
3 4005
2 6568
1 5560
2 5987
1 2361
1 9798
2 6905
1 4739
1 7514
5 4411
1 4448
5 8813
5 6647
1 7881
5 9968
3 6706
3 1974
4 957
2 6626
5 9239
1 8213
1 4414
4 2667
2 7968
5 1257
2 2819
4 6495
3 3177
5 742
5 8123
1 5235
4 7739
2 8824
2 1622
1 1837
2 4354
5 9830
4 8440
1 9634
3 4178
5 9927
2 573
4 7938
1 2047
4 6631
2 765
3 2812
5 3455
4 3871
1 7715
3 550
2 9293
3 6803
5 5712
1 2194
4 9806
1 3161
3 6471
2 6535
4 3513
4 823
3 6905
5 8214
3 2380
2 5930
1 3532
1 683
3 2716
2 8562
5 630
5 241
2 6539
4 703
3 7551
1 3199
2 7718
1 7768
5 4799
2 2269
5 505
5 2861
3 7287
4 3742
3 7036
1 9708
4 2352
2 6663
4 9730
3 7295
3 5511
1 6164
2 8537
3 3194
5 5089
5 814
1 9199
4 6075
5 7299
4 2886
4 467
1 411
5 684
4 3223
4 6780
4 1903
3 717
4 3493
1 2026
3 7344
1 77
5 5082
3 1442
4 5182
3 2418
2 2313
1 777
2 2249
1 1868
3 2854
1 3767
3 8277
3 4425
1 7856
4 5372
4 6446
5 7916
2 8395
5 7266
2 3012
2 3729
5 5832
3 2954
5 6255
4 7993
5 4183
4 9013
4 9951
4 9437
5 9392
2 3113
3 7147
5 5484
4 1133
4 4510
5 784
2 482
4 6434
5 2160
1 1443
2 8939
1 9504
2 784
3 856
5 6248
3 2830
4 3545
5 3101
2 1728
1 1189
3 5170
4 2451
2 9269
4 9363
1 3219
2 8670
5 302
4 4009
3 615
4 5250
3 7379
2 105
1 8424
3 3977
1 6208
4 1032
5 8896
5 1571
5 7794
5 7372
2 886
1 8466
5 2653
2 245
1 2534
4 8402
2 1313
1 2559
2 5165
2 9531
5 7027
1 4956
3 3925
2 3186
1 5168
2 2125
5 246
1 194
5 5474
2 6893
5 1066
5 8159
5 9123
5 706
1 9080
4 9526
5 6410
1 8233
5 6729
3 1657
4 2211
3 7441
1 2885
2 8046
5 3949
3 7622
3 7682
5 1306
5 4083
5 2359
4 4317
5 4080
3 8193
3 4169
1 1375
5 771
1 1759
1 6881
1 5213
5 7136
1 5304
3 7616
3 1238
5 9782
4 6584
4 1026
3 2998
4 6823
4 448
5 3956
3 4948
4 8815
4 4489
5 8677
3 4002
5 2983
5 2638
2 8664
5 6849
5 2333
3 5113
3 6927
4 3052
4 2799
2 2487
4 4879
3 7053
3 3466
1 5975
1 2947
2 4653
3 900
5 3744
3 5965
1 7106
1 2731
2 2344
3 2480
3 866
4 6318
4 9480
2 265
5 1761
1 2894
1 8503
4 8773
2 6716
4 5890
5 3877
3 2581
1 2544
1 4566
1 6237
4 8494
5 9865
2 7472
4 3308
2 4524
3 7825
3 5566
2 4602
3 7096
1 6949
1 6725
5 688
3 7875
1 276
5 8876
4 3830
4 6496
1 3151
3 4956
2 4660
3 5181
4 2191
5 6744
4 2133
5 1058
4 1092
5 5806
1 8281
5 2528
1 7270
1 806
2 6350
4 3706
1 913
1 7405
1 3386
5 1443
2 1940
1 804
1 7857
5 7572
1 5353
5 4389
2 2159
1 5952
5 1597
2 9033
2 5852
4 1171
5 3312
2 4886
3 5564
4 9856
3 3363
2 4992
1 7329
1 8341
3 8294
1 2307
3 1030
4 5959
1 4184
2 6879
3 2407
5 6112
1 7365
1 9646
1 4677
2 6514
3 3525
4 961
1 7021
3 8152
1 1754
2 2545
2 9786
4 3213
1 7678
1 9251
2 5338
1 6302
1 1855
2 9204
2 9024
4 2007
4 64
3 6789
3 9377
2 5819
2 6397
4 9802
4 3836
3 4943
1 8601
5 7949
4 1764
4 1587
1 7402
1 3662
5 4993
4 2028
4 3297
4 3983
4 7383
5 7625
5 4237
1 9767
4 6386
4 3616
2 6483
4 8862
1 1983
4 3761
3 563
3 242
1 4159
5 1126
4 7051
5 4081
2 2869
5 9291
5 7585
4 5616
1 3190
4 6811
5 6659
3 5970
1 3529
1 8745
5 3170
2 617
2 2304
3 3795
4 9543
5 980
4 1075
3 5138
4 1813
1 4899
2 4009
1 2186
3 1486
3 7781
3 1491
4 8195
2 9301
2 1442
5 3150
1 5352
5 5124
4 9306
5 1513
1 2465
3 3043
2 1943
2 4549
3 459
3 8527
4 4735
5 7691
2 6156
1 600
4 1736
2 1638
2 7395
3 5080
1 5138
2 5838
2 3969
2 7834
1 9004
5 8239
3 8062
5 250
3 1537
4 4377
4 45
1 8034
2 3160
3 5132
4 3065
1 7043
3 4055
5 9243
5 4815
1 5459
1 6533
5 4898
5 6933
4 7998
3 9009
4 817
5 6066
3 895
5 1499
3 7203
3 5142
2 2151
1 7508
5 7003
3 8063
4 2671
4 8464
3 6773
5 3236
4 5611
2 8344
2 2806
5 7144
3 8858
3 7891
1 5641
2 8881
2 8606
5 8304
2 4316
2 6003
1 840
1 4832
5 2192
5 2402
5 2225
3 6275
3 6467
1 8400
4 9181
4 7218
4 9887
4 8953
2 1595
3 2170
2 3196
5 9101
5 9000
4 8480
1 3389
5 8985
5 9659
5 9843
1 3280
1 2123
5 7813
3 5818
2 2056
1 1065
5 7192
3 4810
5 6992
1 9869
5 4948
2 5623
2 758
3 2168
2 9749
3 4190
3 9253
3 2744
3 7708
3 4459
2 6228
5 7658
5 6451
1 9067
5 8619
5 2025
3 5795
2 629
5 9099
3 614
3 5569
4 5251
2 8542
4 1283
4 3404
4 4965
5 7026
4 8431
5 1612
5 5026
1 4439
2 2
2 6210
2 9899
3 3332
4 6215
3 7673
4 9750
1 6239
3 5644
1 1031
2 370
3 207
1 6494
1 8770
4 7007
3 1794
5 9190
3 2853
2 8212
2 472
5 8696
2 8178
2 9060
2 9332
3 7273
5 3593
3 1769
2 897
2 9560
3 9658
2 3184
1 241
5 3099
4 9844
2 7320
5 2735
5 5944
5 4776
4 5787
3 553
3 6169
1 4534
3 4172
3 7757
5 8787
4 5673
3 5972
2 415
2 9847
2 7949
1 9968
3 5558
5 4026
5 9184
3 1316
3 2636
4 8467
5 4211
1 223
2 2114
5 3992
4 2568
5 1106
5 9761
4 8301
4 5028
4 7158
4 6376
4 285
1 3295
5 2513
1 2094
1 1647
3 470
2 9818
4 7699
1 218
4 8663
3 5875
2 7772
1 7787
1 692
3 9003
2 5935
4 4638
4 537
3 7526
1 4916
5 5694
4 9455
3 7353
5 919
5 5534
5 8347
1 6530
2 8203
4 7054
5 9361
2 4894
4 2430
5 8953
2 6230
2 9189
2 709
1 7447
4 9908
1 3496
4 2277
5 6251
4 9761
5 8356
5 3083
1 5925
2 8914
2 3656
4 4956
5 7578
5 4410
1 2914
2 4552
2 5944
5 527
4 3584
4 3485
2 8027
5 9964
2 2793
3 4665
3 6457
3 8218
5 5904
2 2011
3 3011
2 653
4 6966
5 1319
4 8137
1 9364
1 7946
1 5258
3 3539
1 537
3 389
3 85
2 9592
2 2418
1 5167
1 6464
2 3057
1 6414
2 4037
4 2049
5 8908
4 6880
1 1316
5 8312
4 2747
3 2101
3 262
4 6615
4 2559
1 1324
1 7117
4 9599
4 3986
3 883
5 3040
1 9494
2 9511
1 8159
2 3413
5 6208
4 6684
4 5280
3 6351
4 669
5 3080
5 6081
1 3645
5 4360
1 2515
2 314
3 3093
3 7947
5 9943
3 6744
1 202
2 5339
4 1925
3 4198
5 9352
4 7238
1 3407
2 3909
3 5653
5 5598
2 2216
2 680
1 394
2 4470
1 4973
4 5249
3 907
2 2870
4 6653
4 6543
4 7197
2 5784
5 6871
3 8606
1 1368
5 5685
3 1526
4 6410
5 3122
4 3133
3 7837
5 9946
3 6073
4 9072
5 5659
2 3276
1 3663
4 8670
3 155
1 4486
5 6260
4 8839
5 1862
4 383
1 1879
1 2928
2 4361
5 9726
2 6433
5 6999
3 6358
1 8287
3 3824
4 6061
4 4373
1 9497
2 2544
2 2694
4 491
1 621
3 6088
2 6026
3 4495
5 1806
4 7990
2 9861
3 2062
1 4241
1 1481
5 7221
1 726
5 8521
1 1112
5 6131
4 3910
4 2602
3 3380
4 251
4 9720
4 6178
5 4087
4 461
3 2123
1 6722
1 1596
3 2568
1 7436
2 2587
5 78
5 504
4 6138
5 8340
5 9900
5 7745
5 1446
4 8656
5 3580
1 5670
3 4455
3 7261
2 1533
2 6920
5 4682
5 4086
3 6548
1 1269
4 7713
4 9823
5 1381
4 5602
4 7983
1 4420
3 5162
4 1600
5 6888
5 5496
1 4705
1 7696
5 5119
2 119
2 5419
1 8803
1 21
1 565
1 3340
4 1132
2 2880
3 1527
1 426
2 9696
5 8790
2 4959
2 4985
2 2534
4 9224
1 6218
1 5659
4 1970
2 5532
2 5638
4 9112
5 9472
2 4335
2 3373
5 7617
1 3498
1 7058
1 3472
1 1817
4 2474
1 9957
3 5125
4 8417
3 5900
5 6434
2 4462
4 1524
2 3739
4 9154
1 7541
4 8404
5 7443
3 7189
1 9206
2 9459
1 2394
1 6004
1 4175
1 2557
1 2051
1 728
5 7258
4 8881
5 3639
2 1162
5 3015
2 4669
1 4745
4 4620
1 1901
4 984
5 5352
1 1402
3 5931
2 5551
2 3254
2 5255
4 9981
1 6597
5 4918
5 1652
5 4689
5 2211
2 9112
5 3643
1 414
3 6513
1 5666
4 1197
4 9693
1 6329
4 2939
4 5952
2 3644
2 46
1 8679
5 7797
1 6589
2 9927
4 9512
3 2109
1 5370
3 7893
4 5308
2 2589
2 7046
4 1556
2 9035
5 5254
2 5923
3 6109
1 981
1 5090
1 4980
1 8229
4 6459
2 5732
4 7390
4 8891
5 1102
5 8292
2 1593
5 6425
2 1611
3 4976
2 7435
4 8573
3 5585
2 6302
3 344
3 4592
4 2036
4 8554
1 4419
2 4016
3 4992
3 3074
2 9669
4 4065
2 6882
5 2744
5 9629
4 7534
2 3191
2 310
5 2724
5 9106
2 2333
5 6718
5 8917
3 6466
2 6454
2 6162
5 770
5 8979
4 8878
4 7815
5 7899
2 227
5 8284
3 3807
4 2251
5 5783
1 1888
5 4791
1 8960
5 9860
3 1023
2 9028
1 4272
4 7379
3 1712
1 6433
3 2622
1 2594
3 3916
1 3595
3 7363
3 768
3 4688
4 7227
1 5435
3 7225
4 797
3 6924
4 2790
1 6635
2 8197
3 1825
2 7229
1 1904
5 4713
1 7383
5 1469
5 2939
1 2990
2 172
4 1595
1 5824
4 8858
1 4227
3 6985
5 3115
5 9890
2 3152
3 2432
5 3601
1 9434
5 5547
4 2493
1 3451
4 3721
3 6222
4 8256
4 1034
3 4120
3 950
5 6291
5 7121
3 5882
3 8099
2 9154
2 2749
4 3290
3 806
1 9761
2 4813
2 3410
5 7322
3 7897
4 7170
2 3701
4 9984
5 1177
3 2697
1 2158
1 667
1 9453
2 7991
3 6934
1 1540
2 8417
2 1557
1 3212
2 1718
5 6590
5 4944
3 6301
5 5701
3 1923
3 5645
5 9082
1 573
2 1340
4 3877
3 8377
1 4821
4 3474
2 7636
3 8375
4 5398
1 5606
1 7649
1 5937
5 9305
3 4108
1 8018
1 3541
2 9477
5 3747
1 6841
3 8345
1 3530
4 8121
5 4089
1 3594
1 8802
3 2519
2 5011
2 9397
2 2170
2 9875
5 7954
2 6005
3 7974
3 7279
2 3757
2 1165
1 8263
3 4350
3 162
1 9437
3 8135
3 4340
2 1485
1 3194
5 4456
4 180
4 6669
1 9896
5 5732
4 6020
2 3088
1 9702
2 4295
2 6697
1 5318
1 8687
1 615
4 9162
2 516
4 9842
5 9623
4 2380
5 3227
1 1134
1 7066
5 5464
3 9455
3 5396
2 838
5 100
4 662
5 6968
3 6660
1 5485
3 2852
4 7866
1 7948
3 2587
2 9681
4 6751
1 5715
2 4140
5 2326
1 8890
1 6294
2 4667
2 1233
4 4707
4 1441
1 2189
5 5708
1 2560
3 2721
2 2248
4 5423
5 3755
2 9109
5 9654
1 5102
4 3825
4 8305
5 9308
1 9996
1 1477
5 7462
2 7668
1 9470
5 4728
4 2223
2 7583
2 7318
5 3043
5 5974
2 3766
5 5134
2 9989
5 2794
1 6661
2 9092
4 1315
2 9796
5 8492
4 1208
3 7220
1 1040
2 9722
3 2789
2 366
2 2236
3 6060
4 106
4 875
5 1423
2 7896
4 7065
3 4385
4 6329
3 2799
1 9666
2 6388
3 3160
1 1168
1 6160
2 7127
1 9393
4 4459
5 7498
5 8501
4 3544
5 213
2 5764
5 3358
1 2823
5 9709
3 6961
1 7607
2 4805
1 9997
5 5035
3 5984
3 5579
4 2725
1 3248
5 2607
1 6276
5 9126
1 1373
1 5181
5 7581
1 2112
2 4367
2 3740
3 1649
5 8611
5 9388
4 6610
5 8034
5 4686
2 583
4 7776
4 1818
3 1818
2 4301
5 707
4 7067
4 3924
5 4742
3 5422
3 6271
4 7495
3 8833
2 4654
1 1628
5 882
5 1792
2 2556
5 5064
3 8024
1 497
4 7941
2 1375
5 7679
5 1573
5 6727
2 3066
4 955
4 1074
2 5513
1 6598
2 599
2 1604
4 9135
2 8341
5 9023
2 6935
1 6560
2 3609
3 5220
5 3260
3 7922
2 3694
5 3018
5 8375
3 5086
1 4424
2 8004
5 3777
3 1311
4 5883
1 206
4 1018
1 2621
5 7518
2 2691
5 9765
2 9190
3 2000
2 3955
4 2018
3 1963
5 8068
3 2779
1 2951
5 6060
3 3804
2 5727
5 1520
5 6401
3 2127
3 6702
4 7309
1 1630
4 3764
2 1569
3 6264
1 3728
4 37
5 2232
5 8144
1 8955
5 2090
3 5446
5 9848
2 591
4 8157
3 6446
5 1522
2 2262
1 5007
2 8971
4 4399
1 5018
4 3769
3 1972
2 55
5 7804
4 8661
3 6468
1 6901
5 6815
3 2626
2 6991
5 3551
2 3980
3 7642
5 8650
5 3718
1 4207
1 1783
1 2384
1 6191
1 3044
5 9466
2 4723
1 2768
4 9059
5 7531
5 3391
5 9704
1 8300
5 9006
2 4214
3 6842
3 3922
5 1951
5 8608
5 3477
1 8348
5 2863
4 3740
5 3251
3 6951
3 7668
1 3834
5 3844
5 8459
2 3647
4 503
3 6752
4 6575
4 1088
1 4733
2 2097
4 7295
3 7509
5 6367
5 9499
3 3079
5 7642
2 384
5 6979
4 3265
4 4006
5 615
1 42
3 1833
2 5205
2 5379
1 5129
3 8388
3 8220
1 200
2 7045
1 3723
1 5764
3 2258
4 2068
4 3275
2 4855
3 6715
2 8061
4 4878
4 9809
2 604
2 1660
2 6165
5 6855
2 5383
3 3456
1 4290
3 1791
5 5912
5 6563
3 4795
4 1938
2 7596
4 7504
1 6831
2 772
1 3373
1 3884
2 2666
4 2027
2 5170
5 1583
1 5236
1 5211
2 6542
4 7891
4 7549
4 9486
4 1402
5 7958
5 3524
5 115
2 6908
5 1453
3 7547
4 9742
1 4462
5 4102
2 9683
4 9351
2 2790
1 4400
4 7850
2 5444
2 6269
4 4484
3 7316
4 4061
3 1293
5 2625
4 6358
3 3128
1 7883
4 4244
5 2707
2 2005
1 2335
3 890
4 9232
4 6845
1 5899
4 3677
2 5767
2 8599
1 4096
5 4263
1 572
5 4634
5 6554
4 2266
2 1194
2 6019
2 526
4 4579
4 521
5 7963
5 2730
5 2661
1 4243
1 5413
3 2634
1 4276
2 2066
4 4089
2 9695
4 3467
3 6982
4 5410
4 9253
4 262
4 6607
2 8687
4 6747
2 9537
5 5201
3 2427
4 375
4 2926
2 3509
2 6861
1 2532
1 3499
3 6085
1 2456
1 8261
5 3145
3 2702
2 5938
2 5751
1 9411
5 6521
2 7299
1 5651
1 4505
4 2184
4 893
4 3612
3 6354
5 5527
5 715
4 1558
4 1591
4 734
5 4952
2 9895
4 4871
5 7491
5 9199
1 5668
1 7398
3 3673
4 9635
3 4504
1 9951
2 3796
3 5411
3 8031
4 8344
4 6828
5 6543
1 3916
3 7679
3 1604
2 312
5 5338
5 1511
2 5439
1 2890
2 934
2 8069
5 4857
4 4656
5 6768
2 6956
2 6522
2 5667
4 1612
1 5328
2 4978
3 240
5 8059
2 2290
2 5299
3 1964
2 8430
5 6089
1 8469
1 4536
4 8585
2 9778
3 556
2 616
5 5158
4 5203
4 6933
3 8041
2 4345
1 7605
2 3547
4 6592
5 301
4 7189
3 5956
1 5519
1 321
1 7666
3 5381
1 5477
3 7841
5 8657
2 8282
1 2743
2 5984
1 387
4 8504
1 1730
5 5993
2 3604
4 5266
1 4587
5 5139
4 9899
2 3537
4 9753
4 5971
3 8165
4 2132
5 3335
4 836
2 6727
1 6368
3 2757
5 8091
2 2222
4 6511
4 8368
4 2775
4 6206
4 2899
4 8349
3 2612
2 1457
2 4466
5 3800
1 7527
1 574
4 3710
2 5320
4 2214
2 3965
5 9111
5 533
4 8972
1 8581
3 1764
5 7246
1 9344
2 6270
4 8555
4 4203
4 9630
3 3856
1 6286
2 8028
1 9927
5 6377
3 6509
5 223
5 8165
1 2001
2 3803
2 6714
3 4925
4 7876
1 1696
1 136
4 158
3 654
3 165
3 7482
4 4122
2 1407
1 5566
1 4245
3 6569
4 1662
5 3218
4 1676
3 2050
5 6466
4 2722
5 8558
2 3168
1 4728
2 3975
1 4694
5 5549
2 3920
4 8655
2 3375
1 6245
3 5288
2 6196
5 7060
1 3238
2 7321
5 9326
2 928
1 13
3 1685
4 5145
2 7210
2 6903
3 2911
5 2292
1 4776
4 8749
4 2631
4 450
1 2018
2 2558
4 6270
1 1021
3 3015
3 5570
5 7715
3 6235
2 8897
1 5071
5 3640
1 7895
3 2689
5 5343
4 4495
3 5251
1 8230
5 6407
2 8339
1 5543
5 5977
5 4141
3 813
5 5295
1 2111
1 4056
4 7202
4 653
5 514
3 577
1 1302
5 8202
5 6604
1 736
5 3411
2 867
4 2520
3 84
2 1336
3 2007
1 3183
5 8228
5 6742
5 6026
4 5087
3 4336
4 535
3 3187
3 6741
5 321
5 1351
2 8545
2 7311
4 2437
5 5275
2 6628
1 4892
3 7591
4 4133
1 1565
2 5468
3 6926
3 130
5 5165
1 3510
4 3503
3 5336
5 1383
3 3898
3 6671
2 5933
1 3534
1 8834
4 4360
1 8136
5 2786
1 5981
1 9174
2 3225
4 4165
5 9503
1 7242
3 2044
1 4440
5 1083
4 7662
3 6963
2 1032
5 2953
1 7865
4 4119
4 5190
4 1436
5 6997
3 3703
2 3893
2 3738
5 4759
1 7457
4 2252
1 2682
1 9401
5 9567
5 2391
2 1962
2 7401
2 3214
3 2341
4 5170
1 6135
1 8157
4 8339
5 7010
3 2735
2 5298
2 7933
2 8552
5 2982
1 6720
3 7852
1 9398
5 663
5 9525
3 28
2 6787
5 4733
5 579
5 166
2 4414
4 4583
3 4057
3 7596
1 4274
5 3016
2 4729
1 7988
4 7800
2 315
5 9176
2 7840
5 6215
5 2322
3 2382
5 8507
1 1156
3 1574
5 7001
3 464
2 5356
2 4982
1 2697
3 2023
4 5845
1 9930
3 5507
3 1928
4 580
1 408
2 5429
5 485
2 2628
5 9161
5 7332
3 8401
1 3749
1 5513
5 4872
4 136
1 8510
4 7952
5 8690
3 7732
5 2274
5 2216
2 5619
5 5718
2 8628
2 2140
3 1835
5 5891
3 2887
5 6955
1 2262
3 1245
4 2915
5 5733
4 210
3 713
1 8695
2 9150
2 2715
1 3604
5 2154
5 3685
1 140
1 1103
4 98
4 242
4 8843
1 1108
3 7598
3 6257
5 5003
3 1359
4 1258
2 2427
2 2639
5 4198
5 1669
4 5698
4 8941
1 7373
3 7648
2 7706
3 1273
5 8922
4 4522
1 4284
2 1460
4 7237
3 3385
2 7455
4 4627
2 4461
4 9946
1 9057
3 3750
2 1488
1 867
3 1918
5 2191
5 7412
3 3542
5 9824
1 5869
5 8436
2 5314
2 9415
3 1189
5 7362
2 7203
2 2098
2 7199
5 7913
2 8393
4 56
1 245
4 4300
4 1725
4 1165
5 3558
4 3466
1 4964
5 6861
5 5540
2 1656
2 3304
3 179
5 8215
2 4196
4 6223
2 6315
2 1365
1 7754
1 6927
3 6879
1 3056
1 9990
2 5618
3 7672
4 2503
1 2584
4 8662
5 1125
5 7984
1 586
3 6995
4 2522
4 8092
1 9479
4 7369
5 5626
3 6799
3 6310
5 5037
3 2985
5 2424
1 3233
5 4858
5 1485
1 7724
2 8874
3 6514
4 8658
2 4108
2 9891
2 6418
4 1904
5 9434
4 9903
1 9261
4 1086
4 1893
4 6538
1 3287
2 9679
1 7686
3 2406
3 2177
4 8224
4 9458
4 5659
5 1259
4 355
5 2047
2 5572
4 4109
1 3928
5 5537
4 9879
1 1934
2 2413
3 3218
3 3254
5 563
3 6280
1 9361
2 4471
2 4990
4 80
4 4990
2 5525
2 5087
3 6695
4 90
2 5227
5 9044
3 2811
3 8016
4 4779
4 1305
2 2954
1 2392
5 8630
3 2784
2 7899
3 2675
5 8058
1 8164
3 4789
5 2776
4 4338
2 5063
5 362
1 1799
4 5360
3 3274
1 3467
5 525
4 7251
4 8023
1 519
3 4189
2 6266
1 8417
5 522
5 4971
2 4419
5 1664
1 1953
2 5853
2 6600
2 6108
5 9756
5 3046
3 7211
3 2005
5 4841
4 1496
5 2565
3 3775
2 809
1 8047
5 1589
1 3266
2 2161
2 7531
5 9534
4 7765
5 7458
1 3052
3 8506
3 619
3 8855
3 1773
5 526
2 8705
2 7053
2 3659
1 1795
3 3344
4 741
4 2817
4 6710
5 7892
2 7726
4 6864
4 8678
3 4341
1 7430
5 9022
3 4514
1 4237
3 5815
5 4551
5 9933
3 2962
4 4282
2 9228
4 358
1 5644
3 3981
2 1709
5 4187
3 7617
3 5722
1 4287
1 7569
2 2655
1 8442
4 8049
3 4845
1 9029
4 8732
1 8153
1 653
2 6467
2 445
1 7561
2 7029
1 7440
5 6209
5 7673
1 3678
5 3422
1 8309
1 2014
3 7573
2 9565
1 8075
2 5748
4 7326
4 9178
2 9188
5 2538
4 197
5 7579
1 1047
5 5072
3 7025
3 2388
5 9947
1 9826
1 7779
3 6313
3 291
1 3717
2 3692
5 8640
1 6274
3 5582
2 8084
1 9054
4 2948
1 6333
2 1850
4 3237
4 3780
2 375
5 2902
2 2711
2 5431
2 8239
5 8489
5 5274
3 6209
1 4763
5 697
4 8595
3 6840
3 9184
2 8362
1 4787
2 8023
5 6707
3 3381
2 3964
5 3506
1 8546
2 2648
5 9811
4 1789
1 8023
2 4993
3 839
3 1847
4 967
4 551
3 1715
5 3541
2 7547
3 3065
4 6210
5 8685
4 718
4 7809
4 2661
5 2973
1 7006
5 237
5 521
3 6435
1 1395
3 4061
4 5996
2 1561
5 9269
2 5466
3 2415
4 9598
4 4613
3 1214
1 871
1 1223
3 6146
2 3394
2 1114
4 7519
2 6033
4 3465
5 4881
4 7450
4 4664
1 1975
3 2383
3 3510
4 5137
3 4486
5 4821
2 1425
2 1552
5 9276
2 9559
4 3582
4 1661
4 2162
2 4409
1 8793
4 3833
4 1795
3 5242
2 3723
1 8241
3 1321
5 5604
2 9289
1 8386
5 2121
1 6807
2 6841
5 8321
4 4434
2 9313
2 1753
2 8119
5 6008
1 4761
1 901
5 1267
5 6189
3 4565
1 5807
5 9133
4 4874
2 6538
5 1642
1 3339
5 6349
1 2604
1 7763
1 2989
4 6249
3 7657
5 2228
4 9829
5 293
2 8183
1 6531
1 5753
5 7893
5 7587
3 3956
2 6182
4 9032
1 1785
3 6344
4 9156
1 6344
5 1144
5 3745
4 8762
4 6214
2 4575
1 3074
3 7343
1 3652
1 7175
5 5160
1 6049
1 2462
1 4663
5 4734
2 9731
2 4784
1 2540
1 4116
3 5315
5 800
2 2292
3 2848
2 6826
1 5748
1 2358
2 3418
2 4640
3 7230
2 5985
2 774
5 2899
1 5193
1 4688
2 1838
3 3512
1 9881
4 7048
3 818
5 2275
2 7582
2 4961
5 8920
4 5989
5 6667
1 5909
2 4872
1 6229
3 3590
2 5689
1 2708
4 1618
2 4596
1 8551
3 68
4 6365
3 642
3 6666
4 7057
3 8423
5 2811
4 8510
1 2644
2 7249
4 2736
5 5674
5 2504
2 8509
4 6245
2 4336
5 7442
1 80
3 2918
3 5766
5 3531
5 5785
3 5710
2 1145
3 6463
2 1546
1 5894
5 4666
2 2748
2 5670
1 4921
2 3158
2 429
1 2136
2 3003
1 3049
2 6116
4 9188
3 1784
5 5819
1 1703
1 4731
2 615
1 8968
1 8506
2 5706
1 3629
5 1825
1 6197
3 125
5 424
5 2823
4 62
1 3809
1 7971
4 7385
4 4082
3 8243
3 3734
3 8696
4 7963
2 1391
1 6242
3 2805
5 3317
3 2803
2 7882
2 2708
2 3232
3 6506
4 9516
1 4188
3 6214
5 901
3 5629
3 7576
5 1462
2 2871
4 4927
5 3624
2 3619
1 3850
4 2465
5 9222
5 5383
3 1342
5 6185
4 6512
5 415
1 4559
3 2131
3 4007
4 5052
2 3051
1 900
4 2966
4 912
3 7044
4 8427
2 5476
2 4800
2 7163
5 3035
5 111
5 5463
3 9205
5 9724
4 9852
3 9532
4 7240
2 1329
5 1010
1 5374
2 6236
1 162
1 7579
5 6956
2 8536
1 7842
2 7338
2 1977
3 6355
3 1888
3 1737
4 2548
1 760
3 6841
1 7113
4 3102
4 1765
2 2838
5 6733
3 1777
3 4616
3 5512
2 9240
1 2357
3 4683
2 4794
2 9491
4 3930
3 5734
2 2674
4 4758
4 2705
4 8982
4 7772
3 2623
1 1111
5 7069
3 3798
4 7715
3 5270
5 1620
5 8831
2 8981
2 6561
2 4931
4 3668
2 1797
2 3927
1 8871
2 5374
3 725
3 1598
1 5233
5 6921
5 7071
5 3774
2 8988
3 5495
4 2365
4 7336
1 1723
2 1777
4 810
5 5957
2 7964
2 1385
5 2046
4 3353
1 7428
1 2835
5 4398
3 2374
4 7382
3 7586
3 8364
5 2955
1 8376
3 5761
1 9369
2 3046
2 4298
3 5613
3 3802
3 455
2 5604
3 2492
2 1458
5 8583
3 6836
3 2455
5 2739
5 4679
4 9090
1 2542
5 8691
5 8245
4 6179
3 4993
5 4650
1 6623
2 7190
3 7335
5 7608
4 7282
3 6564
1 6253
5 7560
1 5075
5 417
4 9280
5 2585
3 3417
2 4495
5 6094
3 8775
2 5398
1 7335
3 118
4 7536
4 498
4 9104
5 9858
4 6388
2 7448
3 5940
4 6099
2 2665
4 1621
5 3409
3 6638
1 4556
4 8397
4 3794
1 1186
1 2337
5 4658
3 3000
5 3934
4 9592
3 1331
4 4858
2 8377
1 6122
1 6908
1 5392
2 2695
5 9233
3 8394
4 2872
2 675
1 2732
5 5284
5 3058
2 5102
4 4211
3 5954
5 8401
4 9652
5 4332
2 350
4 3755
4 2192
2 9098
4 2652
3 1780
5 1509
2 3140
3 1809
5 5298
3 2704
4 2034
5 5588
2 8029
3 6691
1 7100
4 672
4 3676
2 7002
2 2876
2 9848
5 4250
4 4991
1 4252
4 9414
5 4142
3 7883
5 8593
1 1099
4 5441
2 4687
2 714
1 5312
1 2756
3 4445
2 648
4 6647
5 1043
1 894
3 8691
5 2627
2 5966
4 2937
3 4381
1 2280
3 4008
3 164
1 5301
1 7359
4 776
2 5969
1 8048
2 6515
3 4256
3 5104
5 5973
2 8747
4 3647
3 7186
4 3289
5 8675
1 5980
1 3878
5 3305
5 3804
3 3006
2 6419
2 592
2 4127
4 342
3 4967
4 6541
5 4040
5 777
5 4067
3 2955
3 2227
4 6435
5 6055
1 3897
1 8681
1 5561
3 1983
2 6556
4 8341
2 1699
2 1271
1 7942
4 2624
3 846
3 3080
2 731
2 5948
5 9841
1 6130
1 2526
3 643
3 8188
5 5719
5 157
2 3526
5 1182
2 5258
1 5632
5 2083
4 1313
2 1902
4 8369
5 9189
4 8949
1 769
3 1291
1 6884
1 595
5 9942
1 7013
2 2060
4 7575
5 2492
4 5555
3 7373
5 8131
1 6493
4 2713
1 2412
4 7034
5 4833
4 1199
4 74
4 1598
3 7243
3 3094
2 656
4 5037
2 9528
1 4141
2 1434
1 1068
4 4546
5 4653
2 6874
4 4745
5 8554
5 4660
4 7493
1 2067
5 5748
5 3208
3 4010
1 6851
5 9666
3 7100
5 9641
3 4981
2 7365
4 8582
3 314
3 7497
1 3658
1 7018
2 6271
5 6296
4 2188
5 1681
3 4965
2 8738
4 9068
5 2763
1 5614
1 2653
3 271
3 6646
3 2617
4 5848
3 5409
5 930
4 3334
4 3885
2 3323
3 6976
3 6233
2 8785
4 1832
3 7717
3 8056
5 7767
2 5465
1 3480
1 7992
5 2805
4 9766
5 336
5 5314
2 9762
4 8336
5 4421
1 6442
1 6786
4 5095
2 6703
4 5619
3 1752
4 7166
3 7744
1 4107
3 1362
4 4724
2 2743
4 5210
2 9315
2 790
2 3500
5 2606
3 9942
5 1146
2 9438
3 3666
2 9788
5 5004
5 8467
3 6990
1 2415
5 2749
1 3290
1 3177
4 5338
1 9469
4 6282
5 1784
3 3422
4 6069
5 6972
1 9477
1 5489
4 516
1 1114
5 2395
1 3863
5 7528
2 9554
2 4069
4 5371
1 2945
2 6334
4 7924
4 6123
2 8931
4 2127
3 6189
1 5452
2 1211
4 2151
3 4246
3 6522
4 1489
4 6978
2 220
4 4718
2 7572
1 1268
3 6880
2 7496
5 4519
2 7073
1 473
5 6981
2 9248
1 5201
1 2488
2 6996
2 1880
2 6917
1 434
2 5390
2 6742
2 652
1 103
3 6422
3 514
2 2156
2 9855
4 9256
1 6546
4 7146
3 6609
5 1151
5 5027
5 9528
2 6022
3 6574
3 2927
4 1446
2 6406
5 8505
1 3119
5 2036
4 1148
3 218
4 1798
5 9247
3 1633
4 1823
1 1245
2 7817
5 9470
4 7975
2 4844
1 6654
3 1301
1 3140
5 4775
3 3600
4 6554
1 750
1 3592
5 8397
4 7673
2 7123
4 1952
3 4355
1 5957
2 3209
4 8487
2 5885
3 938
2 6614
1 9137
3 932
5 6461
2 2909
1 6470
4 2199
4 3842
1 2683
1 8552
4 1533
1 8780
1 2459
2 3117
5 8253
3 7058
4 1669
1 9707
2 8905
1 5042
1 9690
3 350
4 2557
5 8440
4 9525
2 9893
1 7990
2 1007
1 7002
2 660
4 87
2 3896
1 6733
1 5930
4 9441
3 7195
1 3343
4 7300
5 1847
4 5205
4 1807
5 8661
5 2449
1 3435
5 7862
2 5083
4 216
1 1748
4 6742
3 4437
4 6583
4 1365
5 4486
2 3025
2 3005
4 6981
1 7236
4 9883
2 642
4 5688
3 7582
3 1014
4 1571
5 2005
1 7368
1 6014
3 2088
3 6204
4 6239
1 7288
5 8826
4 1215
2 3471
3 8861
4 4074
1 1219
2 1813
2 4487
3 4312
5 79
2 5494
1 8544
2 4788
3 8013
3 6994
4 3626
5 173
4 896
3 5429
2 2227
1 879
2 2737
1 6012
1 2242
1 1422
2 3085
3 5143
4 5174
4 3783
2 4502
5 8682
4 2225
1 4885
5 4696
2 8544
5 3799
5 8278
4 8996
2 5747
5 7771
5 6781
5 4514
3 4067
2 6148
4 6265
3 9082
2 1337
3 8595
4 4966
3 2180
3 858
5 1541
2 1186
4 191
4 7127
5 2184
3 8635
3 9706
4 9448
2 8800
5 4596
2 4796
4 5240
5 3785
1 9834
1 1281
3 8004
2 2762
3 7300
4 6313
2 7520
1 3235
1 3845
1 119
2 1325
1 319
4 388
3 5733
3 840
5 2718
1 4618
2 5274
2 3516
2 1915
2 9029
2 8390
3 3231
2 168
4 4333
4 7514
1 9807
2 5774
1 6916
4 7513
4 5142
2 4964
5 4950
1 2486
3 3229
2 9719
4 8967
4 6277
3 2036
4 2143
4 1383
2 8422
3 7655
2 160
4 2280
5 304
1 2976
4 4462
2 5708
5 5414
1 372
3 6858
1 4500
5 7085
1 1768
1 5177
3 8501
2 832
5 9702
3 5370
5 5491
3 7366
1 7980
1 9988
3 8928
5 1421
4 3728
4 9387
4 1437
2 6337
1 4495
2 1772
3 6589
1 268
4 3291
4 6284
1 1632
1 6369
4 9459
2 4374
5 5087
5 6953
3 6439
4 1347
4 2428
3 3054
1 5956
4 9977
4 5091
3 4391
3 4553
4 1617
2 3089
4 7443
4 4457
2 792
1 5549
1 8621
2 9184
5 2473
2 3328
4 889
5 5169
2 6294
2 3245
5 596
4 3822
4 2653
4 6118
4 1077
5 6341
3 1651
5 3598
2 5746
1 9864
2 6701
5 3484
1 9010
4 1286
4 5158
1 505
5 8145
2 1066
1 7385
4 131
3 8306
2 8867
5 7353
4 2031
4 2927
1 2038
1 5841
3 7946
4 2153
1 7039
3 8045
1 6692
4 1059
2 9897
3 7238
2 9575
3 5691
1 4249
5 3509
4 7208
4 5109
2 9596
3 7967
1 2312
5 8021
3 7077
2 5308
2 8487
5 8738
2 4263
4 1796
5 8780
3 8234
5 5280
2 6772
3 3934
1 4712
4 3633
5 6149
5 8266
3 3646
2 7429
4 3608
5 503
3 6390
1 5629
1 942
2 7173
3 4247
4 478
1 9493
2 7038
4 6818
4 9189
3 3190
3 4730
4 8581
5 4446
3 7891
4 3213
3 3354
1 2111
4 8878
1 3238
1 9545
3 8152
1 3280
4 6828
5 3580
5 3583
2 5299
1 4276
5 4628
5 4971
2 5227
1 3177
3 4688
1 3498
2 5551
5 1806
5 1862
5 3040
4 4669
2 9592
3 4437
2 2402
5 7642
5 6979
1 586
5 9927
1 9261
4 6653
3 242
2 3140
4 3780
5 2192
1 14
3 3128
1 760
4 1133
1 4247
3 900
5 3799
1 1103
4 2018
3 6963
3 7379
3 6994
3 2109
4 2937
1 2488
3 1784
3 7279
4 9280
3 2784
3 7648
1 5718
3 6548
5 7771
1 3884
4 961
3 7044
2 2056
2 4367
4 7336
1 2768
3 7077
2 429
1 9010
5 5527
2 9188
3 3750
4 4965
4 8402
5 9830
3 7893
5 3145
4 4874
4 9090
2 3757
1 6598
5 8490
2 5732
4 5557
5 3477
1 8348
2 6561
5 6209
5 5733
1 2304
5 6466
5 3509
1 5651
2 265
2 2556
2 9531
2 5314
5 3000
4 7383
2 2944
2 5429
2 5619
3 9205
2 7726
4 8573
4 4605
4 2893
3 883
5 3251
1 8834
3 3666
5 536
2 6539
1 5513
2 8705
3 7642
4 8926
1 4462
2 2333
2 2114
2 169
4 7739
2 4978
5 8583
4 1795
2 1940
5 1951
5 3058
5 3170
1 6229
2 9796
5 2923
4 1595
5 5119
2 4985
4 4991
2 2159
1 5614
4 8953
4 2368
4 9720
2 2
3 4948
4 8554
5 6921
4 6214
2 2749
2 8874
5 7491
1 6106
4 4871
5 2191
3 3673
4 4620
3 6706
5 8970
3 2388
5 2275
5 1642
5 362
2 5816
5 2902
2 3085
3 3231
1 8442
2 3656
1 9174
5 7572
2 6727
4 3983
3 1030
5 8677
3 6275
2 8800
2 3886
4 8655
5 9133
1 3119
2 2620
2 3323
5 8953
5 8600
3 1023
3 1362
4 8678
5 2538
4 1489
5 4211
3 2341
1 573
1 387
1 8986
2 3186
4 2559
1 595
2 2442
2 8881
5 6729
2 4796
3 7744
5 6718
2 6156
5 173
5 5534
4 741
1 840
2 5667
1 4411
3 550
3 3000
1 2186
3 6926
1 8546
1 2515
1 3435
1 4243
2 5945
1 4739
4 3668
2 9855
5 9176
1 2559
3 717
3 1331
2 6772
3 964
1 6493
2 2711
1 9504
5 4658
4 2428
3 5507
1 3056
1 7514
3 7344
3 2918
2 5173
2 3003
1 4327
4 2503
4 6880
4 8649
1 4207
2 2098
3 4246
3 5138
3 6646
2 4069
4 703
3 5104
4 6365
4 5890
1 2048
5 8780
2 245
1 6369
1 7383
3 5511
4 3612
4 1662
3 1923
4 7300
1 4870
3 8277
4 4107
3 2473
2 1162
5 1443
1 7631
2 8542
4 9993
5 2333
5 336
5 9106
4 9960
4 6592
5 9101
5 5993
2 2790
1 8473
4 8256
2 9109
4 1436
2 330
1 519
3 4198
4 6313
5 986
4 1533
1 6597
1 5632
5 3643
2 758
4 8510
1 3717
5 5295
3 3006
1 1879
1 4614
4 2553
2 7362
3 7946
4 6575
2 9397
2 2773
5 6429
1 414
1 6049
5 8266
1 9634
5 9874
2 8422
4 9236
4 3755
4 2568
5 3305
4 1438
5 3745
3 8691
2 6903
3 85
5 8376
4 8092
2 5513
2 398
5 1319
4 6020
2 8914
3 1604
1 3592
1 3411
5 3122
4 4282
2 1595
5 9629
3 6990
4 6770
5 5891
3 4010
3 2170
4 8369
4 9630
5 533
4 9599
1 2123
1 4728
3 427
2 9332
1 9767
3 4061
5 882
2 2870
5 9900
4 2049
3 2023
1 8417
4 9448
2 4964
4 5996
2 6556
3 3456
1 80
2 5170
5 321
5 6955
5 9623
1 9128
5 4086
4 3353
5 525
4 3133
4 8121
2 4108
1 7257
1 8960
2 4466
3 2455
1 4056
2 6433
5 4590
2 2806
4 3404
5 3317
4 6245
5 980
5 2707
1 6720
2 2784
4 75
5 8239
5 8375
3 2623
4 1441
1 7066
2 731
4 2508
3 6752
3 84
2 9209
2 160
4 2280
3 3015
1 2038
4 5170
5 7498
4 6684
4 8322
2 7668
4 7815
2 415
2 4502
2 3912
4 3742
1 5370
3 4178
1 9798
4 4489
4 4133
1 6237
4 7251
2 3225
2 1226
3 7273
2 8084
1 9083
3 3155
5 8397
2 4524
1 5629
3 8294
1 5549
5 2046
5 9434
5 1142
1 9707
1 1223
1 6692
1 2584
3 9184
5 5352
1 6218
1 1596
2 4552
2 1233
1 9057
3 6264
5 2863
3 6439
5 1600
3 7967
5 5004
5 7892
1 8047
1 4731
2 6514
3 2816
3 3385
3 563
5 6094
3 6233
2 3089
3 1291
3 3956
1 223
3 818
4 166
2 8023
3 846
4 1258
1 3604
1 77
5 4952
2 4731
3 3542
5 6255
5 1507
4 7166
5 7026
5 4898
3 5613
2 4394
4 6811
5 8985
5 5569
5 8292
4 9537
3 6589
1 3541
4 7403
2 8119
4 2474
4 8843
1 9988
3 725
4 1833
4 2817
4 8925
3 3459
3 7366
2 9679
3 291
2 1458
5 7299
2 1365
4 6845
4 957
2 7911
5 8979
3 5569
3 7316
5 5082
1 750
2 8004
4 3582
1 1275
1 3340
1 2307
4 2252
2 5338
1 871
1 6623
4 7048
4 734
4 1315
1 1095
4 1092
2 3506
3 7243
4 1904
5 5832
4 4379
4 5787
3 4592
4 9592
3 2007
5 6968
2 1032
1 1065
3 8506
5 8685
4 8839
3 2658
3 4789
1 2136
4 1446
3 4553
4 7158
4 2027
3 6435
3 6189
5 2444
3 218
2 2222
4 4735
3 6924
2 6194
4 9414
4 2365
4 6386
3 6927
4 817
3 7732
2 4851
2 8684
3 125
3 7147
4 6410
3 5446
1 2242
1 2604
1 8666
3 262
3 919
4 9691
5 7585
4 9753
5 1106
3 3079
1 2976
5 8696
1 7948
1 5167
5 2565
5 1446
4 1445
5 7587
3 1301
3 2803
1 4821
5 9765
2 9891
5 5474
2 9554
2 1622
5 2724
3 6257
4 3466
3 4733
2 5604
2 1660
4 7519
1 5181
3 2886
1 5016
2 7281
2 2793
2 896
4 2349
5 8145
5 1784
3 7353
1 1114
3 6995
2 8738
5 5308
2 7247
3 1928
2 3245
5 706
3 6231
5 3934
3 2704
5 8245
2 5706
4 7850
5 1421
2 1329
4 1765
4 3544
1 8229
3 7582
5 7085
3 6574
5 7984
3 2050
2 5938
4 9761
2 3609
5 5701
4 7983
4 3825
4 1402
5 4040
1 6807
3 1764
5 8340
4 2225
4 7238
5 7192
5 5912
3 1491
1 1953
3 8063
2 6266
2 8377
3 3466
4 56
5 800
2 3796
5 2973
5 2939
4 2519
5 9659
3 2297
5 9352
1 4562
5 4841
2 1772
5 3099
2 8405
5 7862
3 840
4 6239
5 3495
1 5235
3 6695
5 6972
2 8536
3 5965
5 2739
5 4635
1 5519
4 521
1 4237
5 9890
2 7321
3 2779
1 3074
4 8862
2 7155
5 5484
3 5956
1 3049
1 5807
5 1453
1 5641
5 6407
3 858
4 2557
4 9887
1 8803
1 2683
4 9891
1 7329
4 503
4 6138
3 619
3 5251
1 2384
4 7575
5 8390
3 7211
5 5785
5 5869
4 2915
4 1571
3 4810
1 8300
5 6377
4 7809
2 8939
1 2609
2 3196
2 2488
3 7881
1 8055
4 6961
1 1245
4 5240
4 2653
5 8817
1 5018
3 6109
1 7436
4 912
5 8787
2 7045
5 5712
4 8195
2 5525
4 9486
4 9178
2 9778
1 6208
4 7891
5 3652
2 5466
1 2697
2 472
1 4420
4 5158
5 2672
3 3417
2 6230
2 1457
4 6296
5 5284
3 813
4 8670
2 4602
3 6691
1 8261
4 358
5 8214
3 9003
2 599
5 9654
3 4904
5 2058
3 8388
4 2036
4 9072
3 2387
2 5390
4 3885
1 5606
2 375
4 2966
4 9806
4 9205
3 1526
3 8855
4 2211
3 179
1 9434
1 372
2 1709
5 78
4 7963
1 6530
5 5732
3 4845
4 6434
3 5336
2 5727
2 2880
4 2130
4 6978
3 7757
5 6742
1 2312
2 6225
3 7036
2 3088
3 9253
1 9761
4 1215
2 9560
3 3646
2 2170
4 8749
3 1598
1 361
4 6966
3 8606
3 5740
1 2051
3 8054
3 8364
3 2241
2 2304
2 9511
4 4707
4 2705
2 6116
1 9834
3 8243
1 7802
2 7603
2 9847
3 5645
5 4857
3 6638
2 874
3 68
3 3332
1 5075
3 7883
3 5795
4 3437
4 3695
2 8106
1 276
2 9184
3 1411
5 4411
1 6661
4 2162
5 5995
3 4956
3 553
1 2526
5 8650
3 7974
4 8494
3 6466
2 3893
2 2674
1 9702
1 5678
5 3035
5 3080
4 810
3 7852
4 4743
1 3266
2 1186
1 5952
4 8661
3 5558
1 1316
3 7058
1 5956
3 5115
5 7531
4 7866
3 6354
1 3233
1 7175
4 74
3 1537
2 3516
3 2177
3 8858
2 4596
5 7442
2 8344
1 8968
5 2225
3 9377
2 2695
3 1737
2 1068
4 3764
2 4723
2 2156
5 563
2 7123
2 8562
2 5987
4 9516
4 9692
5 4360
3 5132
5 663
1 2361
2 7582
2 5985
5 6855
3 350
1 4116
1 6949
4 2722
5 8831
5 2982
4 8602
4 3291
5 6956
3 5080
3 1715
2 2290
5 8401
5 8102
3 1974
5 9405
5 3222
3 9532
1 4287
3 7482
4 6401
2 4295
5 7691
2 5572
3 7343
2 8069
2 2648
4 2192
5 9964
1 9986
5 5463
2 4870
3 162
3 7897
2 4335
2 7203
2 4318
2 3920
5 9305
4 8137
3 5815
1 245
1 2653
1 1108
5 5708
1 3287
4 8658
3 8833
5 6563
4 9104
5 7362
3 7509
3 6773
4 5137
5 2102
5 2899
4 4373
2 4419
3 8375
4 3822
2 1656
2 5948
1 8386
3 2830
3 7220
5 4653
3 2675
2 4461
2 5746
5 4410
2 2589
1 3499
2 9731
5 770
5 3949
5 3804
2 4886
4 1148
2 7531
3 5261
4 9730
1 7605
4 6496
1 7402
1 1855
3 3922
5 7220
1 1703
4 1152
5 4791
4 5028
1 600
2 4982
2 3471
4 6446
2 4931
2 8820
2 7198
4 461
4 7738
1 7696
1 7561
3 3177
4 4360
3 5579
5 3064
4 3474
5 7060
4 5460
3 6169
5 9858
5 7027
2 6337
4 4377
5 9184
4 4510
2 7053
3 890
5 424
3 4459
4 7504
5 1571
2 6618
2 2097
2 8417
2 7718
4 8941
2 516
3 6842
5 3409
2 9748
2 6568
5 7528
3 4350
2 6264
5 9142
1 3052
2 2762
5 5423
3 2088
3 6467
2 652
4 9156
2 4667
2 591
1 7868
2 6991
4 5673
4 1197
2 3500
4 210
1 736
2 9695
4 6061
3 1918
5 9721
5 4948
3 3525
5 8459
4 8996
2 2534
1 7002
3 6660
4 4109
5 3015
5 2585
2 7792
2 2322
2 9696
5 1102
4 2251
5 4689
1 5489
4 8397
1 3407
3 5270
3 5644
4 2927
5 4993
3 2985
2 5853
2 2269
2 370
3 7053
1 2644
3 6271
2 4009
2 4640
5 2047
5 6888
5 2492
4 718
5 707
5 9942
2 9559
1 7447
3 7865
5 4650
4 4522
5 7658
1 7649
5 1146
1 9067
2 7028
1 2836
1 8287
4 4065
3 6758
5 9824
4 2631
5 9943
1 2990
2 5026
3 3093
5 1043
1 3373
1 4677
3 1752
2 7635
1 1443
3 5657
5 521
5 9006
2 1915
5 9860
4 1074
4 7054
4 2451
2 886
4 3930
3 5972
2 8687
3 2955
2 9415
1 6470
1 5328
5 8640
2 2236
5 3484
2 6920
2 3168
1 1365
3 7617
5 9691
1 1837
2 9229
5 5275
2 1813
4 4244
3 8527
2 8785
1 9708
1 9411
5 4815
5 7353
3 1809
2 5476
5 7040
1 5007
5 1954
2 2558
4 9306
5 1513
4 64
2 9116
2 5747
2 1340
5 5280
2 7237
3 3125
3 4943
5 3260
5 2449
1 6560
2 1425
1 1696
1 3496
3 2721
3 5495
3 6522
5 4183
5 3794
1 7857
4 5360
2 6535
4 6751
4 4546
5 7332
1 879
1 3140
4 5410
1 8164
1 9864
2 1488
2 1114
5 1259
4 9181
5 9897
5 6425
3 4340
2 5733
2 7401
1 1702
2 5465
5 8131
5 1267
4 7057
4 3877
1 4227
1 8066
3 248
4 9032
2 9565
4 4613
1 7405
5 9247
5 4203
5 8548
5 784
3 3798
4 9459
2 5764
4 3633
3 3074
3 5546
3 8024
2 5083
1 4017
1 434
5 901
3 7622
1 3219
3 2612
2 4549
4 3223
4 9829
1 1802
4 9598
2 3647
4 3706
4 7546
5 5201
4 1306
1 5907
4 6736
5 9811
4 5371
1 4500
2 1062
5 292
1 8023
2 105
4 2147
1 8967
5 5718
1 7763
4 4990
2 4336
1 4424
4 3237
1 9361
1 1156
5 9641
2 4354
3 2811
1 1565
2 4869
4 8581
4 448
5 2170
4 216
3 5564
1 5071
2 1336
4 5095
1 7335
5 2744
1 2630
4 6230
2 5468
5 5089
3 5429
5 2154
1 7430
5 5977
2 5374
1 5937
5 3115
1 5841
4 2736
5 1541
3 6564
2 9248
2 1407
4 3842
5 8467
2 3276
2 8641
2 2039
5 4660
1 4883
1 5168
3 8165
4 3608
4 7513
5 8059
5 1652
4 6374
5 9528
1 4252
3 1214
2 3046
1 3467
1 2577
5 3777
5 7813
4 1591
2 928
2 7127
2 9749
1 9364
3 7591
1 5452
2 4414
5 4263
2 4784
3 1794
5 8917
3 6204
1 9896
1 6433
1 9469
3 2911
2 6714
2 2161
3 5943
1 4096
1 2772
4 1893
1 3809
3 932
4 6069
5 3611
5 2776
5 1070
4 572
5 4881
2 9269
5 6008
5 1125
2 3160
4 136
4 7662
2 7199
4 4333
1 8793
5 9430
2 6270
1 7018
1 8503
2 8393
5 6903
4 5142
5 6341
1 8469
1 2492
3 1835
5 526
1 3845
3 3981
2 2871
5 4486
2 310
3 4565
4 8982
5 9432
2 7462
4 7007
2 1638
2 2313
3 5242
4 1733
3 9942
5 8091
5 1423
1 6122
5 6215
3 7230
2 8061
1 4566
4 9525
1 1981
2 3254
2 445
3 895
1 1219
2 7995
1 7385
4 7514
1 7992
5 2794
3 6066
3 8045
5 2763
4 4399
2 774
5 2953
3 4655
5 7412
4 4495
4 6329
1 5659
5 5588
5 9239
3 2931
5 6410
2 648
1 7527
1 9054
3 389
5 3639
1 4733
1 1754
3 3254
3 2347
4 1656
4 3279
5 9702
1 7013
2 7338
4 5190
5 9042
2 227
5 9023
2 8940
4 2028
4 4474
5 4742
2 3980
2 5930
2 7311
1 8466
4 1347
1 7113
3 4981
3 3896
4 7390
3 6214
2 8851
2 6697
5 7372
3 1963
4 87
4 6747
5 6112
2 5819
5 505
1 9669
4 6615
2 350
3 5499
3 7551
4 8815
1 2621
4 6459
1 3897
3 2415
5 5635
2 8670
4 8858
4 262
4 8341
5 2268
1 2532
3 1321
5 9865
5 7458
5 8657
2 7038
2 1385
4 7673
3 1293
3 3363
2 3191
2 653
3 2697
1 4892
2 6294
3 6280
1 51
4 8049
2 7496
2 3694
2 8046
1 9996
1 4175
1 5764
2 8824
4 1496
5 6185
1 4980
4 9135
2 2413
2 9190
1 5042
1 1785
1 9951
5 6647
5 7893
4 6864
5 7443
1 8648
3 8482
4 2188
1 1186
1 4184
2 629
2 1943
1 3662
5 1573
5 5298
2 6467
2 4894
2 838
3 7679
4 6099
3 5566
4 7326
3 8423
3 642
3 2735
4 8773
5 6771
3 5718
5 1901
3 7096
4 5883
5 2504
2 3410
2 4906
2 5638
2 3733
1 7368
4 2522
5 8304
5 8619
4 955
3 3381
2 4855
4 8844
2 2869
2 5298
3 8185
4 3794
5 7001
5 79
4 375
3 6060
3 4169
3 1316
3 768
1 6191
2 5969
2 6228
1 8871
2 9154
3 5162
3 9398
4 6710
3 806
4 2713
1 1795
3 240
5 6066
3 464
3 6358
2 8203
3 5875
3 5734
2 8183
2 836
2 7190
1 2018
5 5160
5 7250
1 5353
5 7246
3 8062
2 1145
3 4057
1 7881
4 1823
4 1048
4 8967
5 2160
5 6849
5 7581
4 1796
3 2383
3 5766
4 5611
4 8157
1 9666
2 3304
3 3194
3 6235
2 4037
1 4249
5 2805
4 2790
4 8891
1 5352
3 6073
4 45
1 8230
1 565
5 1177
1 5477
3 2519
3 3802
2 867
2 9989
5 7136
3 4992
2 6882
2 4495
5 8630
5 9190
2 6315
2 6210
5 2211
1 9826
4 5962
1 8400
3 8099
3 2258
3 3229
4 9543
5 8159
1 4899
4 1736
5 8738
1 3343
1 8621
3 7875
1 3594
2 8027
3 5330
1 4448
5 8347
5 6199
1 4688
4 7443
3 1685
5 3598
5 9933
1 2337
1 4488
3 1818
4 2199
1 6533
1 7787
1 8770
4 3924
5 5491
2 8963
3 1311
4 7903
5 4637
5 3877
4 5052
5 7518
2 2140
2 5102
5 3422
4 6647
4 6277
4 7990
3 6457
2 3965
5 1351
4 9899
2 604
1 2743
2 1268
5 8869
4 2352
3 4276
5 6707
1 2459
1 3161
5 2036
5 6367
5 2861
1 2835
2 8487
5 2336
1 8576
5 7767
2 7882
2 7002
1 4536
2 6297
4 2133
5 304
1 6164
2 5774
5 6291
5 1597
1 7865
5 1182
2 709
5 6401
3 3218
2 583
2 6742
5 5659
3 1773
3 4795
3 2587
3 1791
3 2744
3 3094
4 5848
4 342
2 6330
5 7578
2 4316
2 2216
5 4596
5 1126
4 2872
5 3048
3 2960
2 6406
3 1189
3 6355
2 6418
5 9282
2 5751
1 3283
2 5462
1 8681
2 2011
5 1328
5 7023
4 6435
5 930
5 8144
3 4683
5 6026
3 1574
1 6884
3 7657
3 2111
1 687
5 100
4 1088
1 2358
1 5102
5 1058
1 4290
5 1522
5 7003
4 6178
3 6841
3 643
1 1189
2 9235
5 6837
4 6538
5 6349
3 4289
1 2899
2 4471
1 692
4 2191
2 6996
2 9293
5 111
3 6422
4 2335
2 5923
2 2121
4 8301
2 7046
2 6965
4 7170
5 6081
4 7146
1 4414
5 115
1 942
3 3824
3 8188
1 2357
4 875
5 7258
2 4844
5 4187
4 5616
5 5087
4 9162
3 2418
1 5909
1 1793
1 9369
3 2380
2 4196
1 769
4 8863
3 8234
5 485
4 6610
1 8780
2 2819
3 1780
5 8848
2 9213
5 9233
2 6905
4 9441
1 5090
5 8729
2 1325
1 8233
5 7715
4 3012
4 1059
5 4666
2 3927
5 9392
1 7855
2 6522
5 213
5 4823
1 572
5 503
3 7025
3 3361
1 2989
2 8138
1 7198
2 3729
1 1632
4 681
4 5174
2 4409
1 4763
2 3152
1 9990
3 6905
5 4893
1 7678
1 7021
5 1499
1 9520
2 9528
5 5717
4 9224
3 3274
4 7765
5 6954
1 2698
5 5540
1 6160
1 5957
5 5464
1 804
5 9968
5 7745
1 2067
3 8798
3 3512
2 259
5 5674
1 3532
4 9437
4 191
1 1630
5 2976
5 6154
1 3248
4 4718
2 1611
3 8401
5 2502
2 1546
3 1657
3 6744
3 2180
1 5435
2 2743
3 4976
5 5134
5 5026
5 2005
3 3967
5 2811
3 271
4 289
5 2395
3 5143
4 2184
1 426
3 5874
5 1343
3 2131
4 7309
3 4730
4 467
2 9313
5 4250
2 1485
1 610
2 7933
3 2044
5 8554
4 3266
1 119
5 5719
2 526
1 7457
5 7949
1 7686
5 199
1 7236
5 9082
1 2448
4 9742
1 8552
4 1661
1 1759
4 7369
2 6033
5 1612
3 7330
4 2127
3 3539
4 836
1 3534
4 1789
4 8464
3 8073
5 3391
2 4805
5 8021
2 4669
4 4878
2 3659
4 2198
5 3755
1 7946
2 3738
2 4993
3 7841
5 715
4 80
2 6917
4 6554
2 8628
3 7673
4 5959
5 3800
1 6286
2 5820
1 2945
3 7186
2 7949
4 672
4 5203
2 8120
1 6786
4 2143
5 6260
4 7240
4 8697
1 3194
5 3524
4 1077
3 4067
1 4921
2 2306
1 2708
2 8178
4 8663
1 5644
2 5835
1 2486
5 4026
3 2101
5 5165
5 2983
1 7715
1 1783
2 6269
5 5338
5 2473
2 6628
3 2695
2 1593
4 1587
4 8336
4 7237
1 4618
2 7869
2 55
3 1888
3 5761
1 5375
2 4141
5 3747
5 742
5 9276
4 4484
5 1485
2 5552
2 5885
5 4634
2 2736
1 2114
3 2848
5 4759
5 9829
4 8965
4 5249
2 2148
2 3025
2 8395
2 5561
3 459
1 6253
5 3585
5 1066
4 6203
4 5087
5 246
5 1624
4 7193
2 2427
1 6245
4 1171
2 5444
4 9951
1 202
1 1888
4 6780
4 7450
3 4005
2 6343
2 3909
3 6367
4 7388
2 3740
4 1141
5 4045
4 8480
5 5035
2 3739
4 2696
1 2415
5 2274
3 5582
5 1107
1 6004
1 1268
2 4374
4 1026
5 9525
4 3485
5 6992
4 9223
3 164
3 950
2 7210
3 6934
1 8695
2 9893
2 3328
4 4879
1 2462
2 6162
5 6131
3 7261
4 7536
5 8691
2 7269
1 5258
4 3871
4 4627
3 3961
4 9526
5 6451
5 6089
2 4140
5 4388
4 2661
2 1951
2 8197
3 2769
1 319
3 8016
2 4215
4 3710
1 2534
5 7579
4 6373
2 7520
1 3741
1 5769
5 2359
2 8398
2 9150
4 1477
3 7203
5 9709
4 3626
3 885
1 3663
1 856
2 1460
5 4398
5 630
4 498
3 2987
4 1925
3 6301
1 7106
3 6344
4 3616
5 5394
5 5748
3 7225
5 5169
4 9458
2 4487
5 5207
1 1628
5 596
5 4821
4 5037
3 2407
4 1669
2 5748
3 6222
3 514
1 6426
4 1764
1 3480
5 4728
2 5011
5 3018
3 4108
4 2465
4 82
3 5818
4 9842
4 2652
3 5710
1 1540
5 5746
3 5733
1 6197
3 1825
3 5722
1 5753
1 3295
1 574
4 9363
5 6222
1 2047
3 1651
1 7768
5 8790
2 6542
1 9080
5 4252
3 6799
2 8606
2 315
3 866
2 7163
5 5537
4 7127
3 2617
3 4491
4 4089
2 2691
1 1134
3 2805
3 207
3 5931
5 9123
1 8153
4 3513
4 5398
1 9494
4 621
3 3080
4 7776
5 4142
1 3290
2 3526
1 8075
3 1676
2 2323
2 9706
1 7895
1 9493
4 8732
4 2437
2 6271
2 2655
2 9927
3 4256
2 1557
5 6933
2 5984
4 9059
5 3624
1 8157
2 6716
2 3012
1 9444
2 9092
1 1050
5 8826
3 9658
1 6841
1 7179
5 4389
4 6118
1 4419
1 6130
3 7922
4 3052
1 913
2 4872
3 118
3 4247
3 6085
1 5392
5 3455
3 2000
5 1469
4 2331
2 9204
1 4916
3 4978
4 5952
4 6818
4 1807
1 6333
1 6368
5 3640
5 7885
2 5379
2 6861
5 2232
4 4211
4 4796
2 8931
4 8427
5 8321
5 7266
1 4964
1 5340
1 200
5 2638
5 2228
3 2427
2 6701
2 2909
5 514
3 1066
5 3358
2 7448
4 3676
1 7100
1 5312
2 7378
5 5819
1 8544
4 2132
2 3766
4 2266
5 9326
4 4078
1 6135
5 5037
5 1083
5 6461
5 5337
1 3235
3 2036
4 2671
2 5494
1 1723
3 3728
5 9947
3 6702
1 7872
5 4237
1 777
5 5611
3 5239
4 6270
5 2955
5 7794
5 8896
1 7990
2 616
4 413
4 2926
3 4967
4 3761
4 551
3 7373
5 684
5 7187
1 140
4 1676
1 6722
3 4385
1 136
1 900
3 2337
3 8056
3 1712
4 4656
1 7359
2 6182
1 241
1 3190
2 9788
3 2696
2 4959
4 9112
2 3955
5 6815
3 2812
5 5973
3 6982
2 6165
1 2510
5 8489
5 4799
5 4080
4 5733
2 5004
1 9895
3 7668
4 6632
4 7218
4 3465
1 1226
5 6521
1 6344
2 9112
5 9841
4 823
1 3183
5 1511
2 6026
5 2090
2 784
4 8339
5 6953
1 8588
5 1599
2 4729
5 3774
5 4514
1 4284
1 5809
2 9028
3 7286
3 5585
1 621
1 6454
2 9228
3 7947
2 2249
4 1524
1 4761
1 6881
5 8253
5 8034
2 46
2 6022
4 2520
3 9706
1 1112
5 8611
2 7533
5 4456
2 3803
5 6434
2 9240
5 3043
4 535
5 1761
4 5109
4 9802
1 321
2 1066
5 9912
3 8218
4 3308
2 2876
3 421
3 4355
5 3531
2 8341
2 9762
3 5736
2 2181
3 7488
3 5793
3 2702
1 9398
5 2172
5 2184
2 5419
4 6495
2 1569
1 6019
5 3083
2 6956
1 3863
2 3373
5 9704
2 4794
4 537
2 6003
4 4583
3 5396
1 5543
5 415
4 2948
1 2894
5 5072
2 9301
1 6851
2 2248
2 9459
2 9024
3 28
1 7958
1 5307
4 450
5 3956
1 7315
5 4686
1 473
2 7089
2 977
2 6419
2 6196
1 7666
5 5496
2 2005
3 8635
2 4464
5 2326
4 7800
4 653
4 1725
5 4519
2 220
5 4385
3 5125
4 2775
5 1509
1 1817
5 4713
3 7287
1 3611
4 4617
1 8551
4 1018
2 3969
1 4956
2 7318
1 7883
5 9300
5 3870
3 4055
1 9266
4 2277
4 4165
2 6874
5 7625
5 4734
4 9809
5 7608
1 5561
2 1662
5 2653
2 7320
1 1375
1 6414
1 8802
1 394
5 5806
1 8687
3 9455
4 355
1 5869
4 1991
4 5145
5 1583
5 9126
1 7971
1 1748
4 9571
3 5984
1 194
4 9879
2 3051
4 9253
5 8608
3 6513
3 4425
5 9099
3 4312
3 8775
1 1228
5 9339
2 4940
2 9418
2 7173
5 2661
5 4423
1 2890
1 5748
5 2749
4 6742
3 3734
1 2540
2 4800
5 9782
4 8662
3 2636
2 7596
1 9029
1 9276
4 7659
2 5308
1 2465
3 2954
4 7772
5 6576
2 1753
2 5623
5 8876
1 9137
2 1335
2 2262
5 9843
1 3530
3 654
5 4833
4 9213
1 7980
4 8582
4 7876
3 8377
3 2622
3 6146
2 4214
2 5087
4 7697
4 8559
1 6654
5 1383
3 3344
1 1111
5 2718
4 2664
3 6741
5 5626
5 3150
1 5459
4 5400
4 5308
4 9977
2 5063
2 642
2 5356
2 6961
2 4660
4 3721
4 7034
4 7282
2 2954
4 896
2 5784
3 5653
2 7964
2 6703
5 3312
1 9997
2 8545
5 4067
4 7924
2 5205
1 5374
2 2838
5 5549
2 9722
5 8922
4 3647
4 8595
4 3334
4 1313
2 7968
4 9455
1 8034
2 3537
1 9611
5 6733
2 9477
4 9013
4 2445
5 5904
1 6912
4 2624
3 1245
2 2628
3 4381
3 7781
2 2418
2 765
2 1434
1 2914
4 4175
5 6060
4 1283
1 9968
1 7117
5 688
5 9222
5 3218
4 6733
1 4245
2 8252
3 6432
1 2723
4 5177
1 9206
2 2545
1 1269
3 7295
4 8440
5 6997
1 7398
3 4993
5 7327
3 1442
2 3964
4 9908
3 2789
4 4579
5 2844
1 7754
5 5139
1 2951
4 9387
4 251
1 4162
3 3856
5 8521
1 6329
2 2544
3 3600
3 7100
5 5974
2 6108
5 7958
3 7526
4 388
3 1988
5 3785
4 7301
1 5824
3 6569
2 9818
3 615
2 1699
2 8981
5 7804
1 5211
3 1342
3 6468
3 6703
2 5670
5 481
4 8368
2 7706
5 7121
1 3878
2 6908
1 7607
2 3158
1 6274
2 8867
1 4188
3 8041
3 7335
5 7679
1 1373
4 3830
1 3397
5 4858
3 8258
3 6463
4 1617
4 481
2 6005
1 4495
5 2625
2 9405
4 6347
5 7617
4 7941
3 2634
1 6635
4 8344
4 3297
1 21
1 1983
2 5274
3 3977
4 7993
3 5086
4 3728
3 6985
5 6727
4 4300
1 6770
4 2068
3 5940
1 4585
5 615
2 3418
3 6666
4 1598
3 1633
2 2292
4 6907
4 1618
2 1533
2 2587
4 646
4 2602
3 8595
1 3389
3 6351
2 5258
1 653
4 8656
3 4925
4 1621
4 9245
4 9852
5 9761
1 5925
4 3910
4 4317
4 1938
4 9750
4 9256
2 1850
3 5900
3 3934
3 5570
3 1527
2 680
2 4345
1 8241
5 4934
3 9712
2 809
3 7655
5 4950
2 8227
3 2581
1 8280
3 8193
3 3518
4 7998
5 8068
5 2209
5 7462
5 9156
4 1798
3 5629
5 5003
2 3188
4 8305
5 2391
3 2854
1 667
2 7572
5 1010
2 6515
5 4198
4 5845
4 4074
4 7938
4 8869
5 1257
3 8696
2 6287
2 6236
5 4332
3 713
1 3749
5 4141
2 9035
2 9289
5 4682
1 7039
1 5914
2 4938
4 2959
3 6879
3 6471
3 2689
4 4122
1 1047
3 8220
2 9669
1 1395
5 8690
5 2121
1 5233
2 9060
1 1477
2 5478
2 1165
4 3986
3 3703
2 9911
2 9189
2 8857
4 9823
5 9291
1 5138
1 8612
4 1952
1 8581
2 5933
2 8028
1 4505
4 9856
1 6239
1 2682
4 6075
2 7899
5 6999
1 9869
3 3011
3 2950
5 5944
3 6840
1 2014
4 2034
2 4470
2 9033
1 1504
5 6821
5 8440
2 529
3 1014
5 1664
1 9470
1 7006
4 4966
2 6302
1 3846
3 5370
1 7541
5 2607
3 1359
5 8215
4 37
4 4434
4 6358
4 1086
3 3160
2 9683
3 4008
2 6255
5 527
3 2757
5 8505
2 6060
4 2007
4 6677
2 4575
3 130
4 3467
4 6249
3 7195
3 344
4 6318
3 6609
5 4089
2 2214
4 2667
4 9514
4 6418
2 366
2 3509
5 7560
4 8467
2 1728
1 8048
1 5566
3 8394
2 8509
4 6607
2 1880
4 7051
2 7299
5 5124
4 3836
3 4120
5 1381
4 8349
2 2737
2 2722
5 7899
2 6663
3 5220
2 1777
3 2758
2 7385
1 4274
2 7455
4 6512
2 7429
1 5236
5 5383
1 1368
4 5989
2 5798
2 4361
2 1201
5 2216
4 7189
5 3677
2 8212
1 4712
2 7541
3 3656
2 5400
4 2223
2 8552
4 3275
1 2885
1 206
2 3619
1 3629
3 2382
4 4203
5 4083
2 2715
1 2947
2 8599
1 7058
5 3897
3 5411
1 3645
2 3981
1 1934
3 6088
1 9930
4 5372
2 7834
3 3187
4 1589
4 8417
4 6541
5 5274
3 3190
4 9652
3 6951
4 3769
5 6781
4 8881
5 7673
2 6397
5 9351
3 6789
5 5064
1 1021
5 417
1 7856
4 9301
4 580
4 5258
2 2665
5 9189
2 7772
4 5602
5 6543
1 8445
2 6935
4 4197
1 9807
4 363
2 4653
3 5288
1 5301
5 3227
4 3545
2 772
3 165
2 1902
5 2606
2 1194
2 8390
2 8905
5 5694
5 4503
4 3102
5 9470
1 5899
4 2430
5 3718
1 615
1 8159
1 8506
2 1211
5 9161
5 3888
2 172
2 5165
1 5129
4 4779
4 662
1 4655
5 8710
2 1313
4 2886
1 6294
3 6671
4 478
5 697
3 7616
4 7495
4 4462
3 8214
1 9690
3 3925
3 6506
1 4272
5 3101
2 3723
4 6388
3 839
1 2280
5 9111
2 660
3 931
4 2747
3 5970
5 9044
5 9756
2 2227
4 4142
1 5413
4 3783
4 158
1 4159
4 6981
2 9575
1 4486
3 4172
5 7706
3 7717
2 5439
3 3807
1 6276
2 3604
5 8492
2 615
3 5409
1 6802
5 4944
4 7202
3 1833
2 2151
5 157
1 9453
2 8239
1 8049
1 6733
5 5414
2 3896
5 4081
4 4009
4 6511
3 7374
2 714
1 4400
1 5213
3 577
1 1099
5 2417
4 5091
1 9522
2 5255
5 4696
3 6117
2 9537
1 4440
2 5339
4 9189
4 7295
4 6282
3 5912
4 1253
3 5142
3 4391
1 8136
3 8928
1 103
3 5113
2 2430
1 4000
1 3339
2 7636
5 9000
2 6148
2 1483
3 8306
1 4776
3 1847
2 934
1 4587
3 2887
3 856
4 4750
4 1492
1 1402
2 8664
3 5181
3 8048
1 1799
3 2406
5 250
5 2528
2 8282
1 7988
1 8281
1 7579
2 7293
3 3898
1 5894
3 6209
5 1306
5 4918
5 4988
3 8455
1 1774
5 207
3 2374
4 5251
1 7842
2 7229
1 4973
5 7322
2 9777
2 3066
2 6195
1 2094
4 1208
1 9075
1 7137
1 5207
2 476
5 2025
1 9575
5 3236
2 3005
5 7384
5 9199
5 6590
3 8004
3 3804
1 3199
1 7088
1 4694
5 9243
3 7598
4 4724
4 131
4 106
4 1970
4 5619
5 4605
5 8278
2 5398
5 777
4 8949
5 8613
5 8908
3 7596
3 556
4 7385
2 6179
1 4720
4 5555
2 832
1 5304
2 7547
4 7637
1 9957
5 8593
5 5343
4 5917
2 6334
4 669
2 5708
1 4024
3 7837
5 3685
2 4406
3 6768
3 2123
2 2344
1 2594
2 1604
5 5158
5 3046
4 1032
1 3723
2 4992
5 2197
1 42
4 1075
4 8504
2 6019
5 2627
1 3916
4 4858
5 6554
2 617
5 3195
5 8312
1 8424
4 233
4 6543
4 5210
3 7300
3 3054
1 7242
1 7440
1 1422
1 5485
4 4664
5 6659
1 3767
1 9199
2 1838
1 4241
5 9388
5 6861
4 8088
2 2060
4 7534
3 2852
4 2380
2 8339
2 7991
3 4965
3 5954
4 9232
2 7472
5 9759
1 4141
2 3644
5 6208
2 1561
2 4990
2 9098
5 8284
3 2432
2 9596
4 8312
1 8745
4 2031
4 62
5 237
1 2335
5 8920
4 4338
1 6546
5 7916
1 1281
3 9953
2 8988
1 2001
2 2613
2 790
2 7395
2 4654
5 8228
1 8309
5 3276
3 4336
3 2998
3 2568
2 1962
2 4687
1 901
1 162
2 9315
1 7779
4 2899
4 6933
2 7029
4 2193
2 6787
1 758
4 4767
5 9503
5 3411
4 2214
2 5767
1 1946
1 7323
4 3493
4 1818
5 5254
2 9759
2 7883
5 9499
2 1552
3 7635
1 4832
1 3658
4 1365
1 9393
4 1132
2 3232
1 1324
1 7508
3 2626
3 2716
1 1904
5 6981
4 9827
2 3117
1 9477
5 919
4 9154
4 9512
2 592
1 1647
5 3601
2 3547
5 8123
2 8544
2 9681
3 4341
5 4102
3 7708
3 614
4 2089
1 8213
5 301
1 2392
2 9899
2 384
3 7586
1 2262
4 1199
1 5177
3 826
4 4324
1 5670
1 6908
4 6823
4 6206
3 6310
2 7073
1 5309
4 1556
1 7373
1 726
2 2666
3 6446
5 9361
2 3394
5 8356
2 2218
3 2995
4 9693
3 1769
3 8135
4 1903
2 6483
4 6631
5 6189
1 7428
3 5381
1 1730
1 3472
3 5135
4 3395
2 3113
1 5980
5 1144
5 7913
2 5320
4 1034
1 4439
5 8165
1 218
3 4504
1 1031
3 7189
1 3678
1 5201
3 6715
3 4303
3 3043
4 9068
5 3615
1 948
3 9009
1 4470
1 4745
5 5641
1 4556
5 1825
3 3795
1 7365
1 1068
2 9029
4 6123
3 2005
4 797
1 7288
1 5560
2 5935
4 7197
5 2823
5 3208
1 2394
3 6880
4 5182
2 6454
4 7065
3 3065
2 4127
3 6961
5 3744
4 4927
4 5698
3 1649
5 5598
1 894
5 9724
2 1977
3 1238
3 1983
5 8058
4 383
4 5423
5 8436
5 9567
4 7713
3 2492
5 4087
1 4705
5 4733
3 2799
2 5618
3 5422
2 7435
3 7682
1 7270
1 6831
4 8603
3 1486
1 6589
4 4638
2 8537
5 166
1 205
1 7942
3 5882
2 3209
1 6442
3 455
5 6604
4 1832
1 1768
5 6149
4 5001
4 5250
4 7379
3 155
3 907
3 4445
3 5905
3 5643
2 9491
2 7780
1 505
1 5975
1 537
3 6390
5 8813
2 7583
1 3386
2 6388
2 6841
2 126
4 8972
4 9635
3 1601
1 9344
3 8031
4 6223
5 6248
3 7363
1 3529
3 6313
5 522
5 7144
5 241
1 6242
4 7208
4 9766
3 3775
2 7896
4 491
2 8971
2 1718
5 3016
2 7817
3 7553
5 579
5 7797
4 4061
1 5732
2 3214
5 3992
1 8955
5 2424
1 3044
4 9883
5 3335
1 5666
4 4006
1 4534
2 9615
1 9927
4 893
1 6531
4 7067
5 5767
2 9014
2 5838
1 2544
1 2928
1 3510
3 6882
1 1975
5 504
4 5266
1 4971
4 516
5 9269
1 835
5 9472
2 6879
4 3740
4 1305
1 1868
2 9875
2 586
1 2245
5 6871
5 9022
4 3290
3 2062
1 1089
4 6179
5 2322
1 2194
2 656
4 3503
1 6014
5 5685
1 5981
3 4514
2 5689
5 187
4 197
3 3380
4 3677
5 2730
1 6464
2 5944
1 2756
3 3916
2 8747
4 3938
1 49
1 9251
4 9903
5 223
4 8023
1 6494
5 814
4 1828
4 2151
4 5807
1 8601
2 897
3 4616
4 5688
3 5512
2 9786
2 6626
2 9848
1 8890
4 8433
5 1730
3 938
2 1351
4 8404
3 4455
4 180
3 6048
1 1481
1 867
4 90
1 1936
5 2786
2 6350
5 1620
1 9646
1 4787
1 8263
2 9719
4 1165
4 5280
4 4956
5 4551
4 5659
2 4016
4 1813
2 8897
4 2725
1 806
1 7722
2 3719
5 5957
4 8487
3 4190
1 264
5 4679
3 3510
4 7227
3 9536
4 5971
5 9946
3 4495
2 6538
2 3852
3 3422
2 7249
5 4776
1 9479
1 2823
3 6836
3 4002
1 3151
4 6376
4 8585
3 1972
4 242
4 776
5 1589
5 3506
5 6251
5 6296
4 9501
4 889
2 3413
3 4007
3 4029
4 9981
4 1383
5 5547
3 4189
2 2748
4 7493
1 2557
2 168
2 1271
1 1496
1 728
1 9004
4 7549
1 3451
5 4608
5 7010
1 6901
4 3065
1 9437
3 2927
2 1375
1 7043
5 2402
1 2112
3 470
3 8792
5 2292
4 5338
5 2513
3 1273
1 8679
5 9666
5 1151
2 3184
2 9438
1 2560
2 8029
4 6284
3 5691
3 6816
1 4559
2 5431
3 7573
4 8431
2 2639
3 5525
4 984
1 683
4 8762
5 9308
2 5852
1 1168
1 411
2 4624
2 7365
4 4459
1 4663
3 4665
4 2493
4 1558
3 2480
5 8202
4 3584
2 4788
1 5930
1 7569
1 2158
2 6600
4 6480
3 5170
4 4082
4 7382
1 2732
4 2799
2 6614
2 1442
2 8362
3 6514
3 2227
5 3551
5 1847
1 6916
1 9497
1 1901
2 792
4 285
4 8555
5 5783
1 4107
2 4263
1 9881
5 6744
2 3057
3 7825
1 1297
5 5027
3 2962
3 7441
3 6858
4 1437
5 3593
1 3850
2 6826
4 9946
3 7576
4 7715
2 3939
4 1286
1 5193
4 2548
1 3212
5 7954
5 5604
2 2708
2 3975
4 2655
1 7724
2 675
3 3771
4 4119
2 482
4 7952
4 8224
2 312
1 2189
5 9466
3 5315
1 408
1 8341
4 98
4 4457
4 3833
1 981
5 7963
5 302
5 8675
4 4745
4 4758
3 2362
2 573
3 9082
5 6768
5 9726
1 8510
4 4970
4 2153
5 6667
1 497
5 4644
1 6927
5 1792
4 161
4 5441
5 8507
1 9401
5 2735
4 967
1 5318
5 6055
2 6325
5 8558
2 1797
5 4872
4 6583
1 13
1 2412
5 259
2 9897
4 3265
4 9984
1 3834
1 6012
5 8682
2 9816
4 1600
4 7699
5 1669
5 3541
1 792
3 2127
2 1391
2 7840
2 1337
1 122
5 771
5 1681
3 3590
1 5668
3 7547
5 3558
1 2542
5 7221
4 1612
5 5314
1 3652
1 7869
1 8018
4 6265
2 9861
1 4885
3 4573
5 9848
2 3375
5 293
2 5383
2 4961
1 3595
4 7975
1 6302
4 9188
5 1520
2 2487
4 9844
3 2168
3 7672
3 8013
5 3844
1 8376
4 2939
4 3289
5 9534
2 4462
3 1777
3 7497
1 3728
2 4298
2 119
1 1040
5 1462
2 6893
2 9143
3 8861
5 8661
1 2456
2 314
5 4446
3 7891
4 3213
3 3354
1 2111
4 8878
1 3238
1 9545
3 8152
1 3280
4 6828
5 3580
5 3583
2 5299
1 4276
5 4628
5 4971
2 5227
1 3177
3 4688
1 3498
2 5551
5 1806
5 1862
5 3040
4 4669
2 9592
3 4437
2 2402
5 7642
5 6979
1 586
5 9927
1 9261
4 6653
3 242
2 3140
4 3780
5 2192
1 14
3 3128
1 760
4 1133
1 4247
3 900
5 3799
1 1103
4 2018
3 6963
3 7379
3 6994
3 2109
4 2937
1 2488
3 1784
3 7279
4 9280
3 2784
3 7648
1 5718
3 6548
5 7771
1 3884
4 961
3 7044
2 2056
2 4367
4 7336
1 2768
3 7077
2 429
1 9010
5 5527
2 9188
3 3750
4 4965
4 8402
5 9830
3 7893
5 3145
4 4874
4 9090
2 3757
1 6598
5 8490
2 5732
4 5557
5 3477
1 8348
2 6561
5 6209
5 5733
1 2304
5 6466
5 3509
1 5651
2 265
2 2556
2 9531
2 5314
5 3000
4 7383
2 2944
2 5429
2 5619
3 9205
2 7726
4 8573
4 4605
4 2893
3 883
5 3251
1 8834
3 3666
5 536
2 6539
1 5513
2 8705
3 7642
4 8926
1 4462
2 2333
2 2114
2 169
4 7739
2 4978
5 8583
4 1795
2 1940
5 1951
5 3058
5 3170
1 6229
2 9796
5 2923
4 1595
5 5119
2 4985
4 4991
2 2159
1 5614
4 8953
4 2368
4 9720
2 2
3 4948
4 8554
5 6921
4 6214
2 2749
2 8874
5 7491
1 6106
4 4871
5 2191
3 3673
4 4620
3 6706
5 8970
3 2388
5 2275
5 1642
5 362
2 5816
5 2902
2 3085
3 3231
1 8442
2 3656
1 9174
5 7572
2 6727
4 3983
3 1030
5 8677
3 6275
2 8800
2 3886
4 8655
5 9133
1 3119
2 2620
2 3323
5 8953
5 8600
3 1023
3 1362
4 8678
5 2538
4 1489
5 4211
3 2341
1 573
1 387
1 8986
2 3186
4 2559
1 595
2 2442
2 8881
5 6729
2 4796
3 7744
5 6718
2 6156
5 173
5 5534
4 741
1 840
2 5667
1 4411
3 550
3 3000
1 2186
3 6926
1 8546
1 2515
1 3435
1 4243
2 5945
1 4739
4 3668
2 9855
5 9176
1 2559
3 717
3 1331
2 6772
3 964
1 6493
2 2711
1 9504
5 4658
4 2428
3 5507
1 3056
1 7514
3 7344
3 2918
2 5173
2 3003
1 4327
4 2503
4 6880
4 8649
1 4207
2 2098
3 4246
3 5138
3 6646
2 4069
4 703
3 5104
4 6365
4 5890
1 2048
5 8780
2 245
1 6369
1 7383
3 5511
4 3612
4 1662
3 1923
4 7300
1 4870
3 8277
4 4107
3 2473
2 1162
5 1443
1 7631
2 8542
4 9993
5 2333
5 336
5 9106
4 9960
4 6592
5 9101
5 5993
2 2790
1 8473
4 8256
2 9109
4 1436
2 330
1 519
3 4198
4 6313
5 986
4 1533
1 6597
1 5632
5 3643
2 758
4 8510
1 3717
5 5295
3 3006
1 1879
1 4614
4 2553
2 7362
3 7946
4 6575
2 9397
2 2773
5 6429
1 414
1 6049
5 8266
1 9634
5 9874
2 8422
4 9236
4 3755
4 2568
5 3305
4 1438
5 3745
3 8691
2 6903
3 85
5 8376
4 8092
2 5513
2 398
5 1319
4 6020
2 8914
3 1604
1 3592
1 3411
5 3122
4 4282
2 1595
5 9629
3 6990
4 6770
5 5891
3 4010
3 2170
4 8369
4 9630
5 533
4 9599
1 2123
1 4728
3 427
2 9332
1 9767
3 4061
5 882
2 2870
5 9900
4 2049
3 2023
1 8417
4 9448
2 4964
4 5996
2 6556
3 3456
1 80
2 5170
5 321
5 6955
5 9623
1 9128
5 4086
4 3353
5 525
4 3133
4 8121
2 4108
1 7257
1 8960
2 4466
3 2455
1 4056
2 6433
5 4590
2 2806
4 3404
5 3317
4 6245
5 980
5 2707
1 6720
2 2784
4 75
5 8239
5 8375
3 2623
4 1441
1 7066
2 731
4 2508
3 6752
3 84
2 9209
2 160
4 2280
3 3015
1 2038
4 5170
5 7498
4 6684
4 8322
2 7668
4 7815
2 415
2 4502
2 3912
4 3742
1 5370
3 4178
1 9798
4 4489
4 4133
1 6237
4 7251
2 3225
2 1226
3 7273
2 8084
1 9083
3 3155
5 8397
2 4524
1 5629
3 8294
1 5549
5 2046
5 9434
5 1142
1 9707
1 1223
1 6692
1 2584
3 9184
5 5352
1 6218
1 1596
2 4552
2 1233
1 9057
3 6264
5 2863
3 6439
5 1600
3 7967
5 5004
5 7892
1 8047
1 4731
2 6514
3 2816
3 3385
3 563
5 6094
3 6233
2 3089
3 1291
3 3956
1 223
3 818
4 166
2 8023
3 846
4 1258
1 3604
1 77
5 4952
2 4731
3 3542
5 6255
5 1507
4 7166
5 7026
5 4898
3 5613
2 4394
4 6811
5 8985
5 5569
5 8292
4 9537
3 6589
1 3541
4 7403
2 8119
4 2474
4 8843
1 9988
3 725
4 1833
4 2817
4 8925
3 3459
3 7366
2 9679
3 291
2 1458
5 7299
2 1365
4 6845
4 957
2 7911
5 8979
3 5569
3 7316
5 5082
1 750
2 8004
4 3582
1 1275
1 3340
1 2307
4 2252
2 5338
1 871
1 6623
4 7048
4 734
4 1315
1 1095
4 1092
2 3506
3 7243
4 1904
5 5832
4 4379
4 5787
3 4592
4 9592
3 2007
5 6968
2 1032
1 1065
3 8506
5 8685
4 8839
3 2658
3 4789
1 2136
4 1446
3 4553
4 7158
4 2027
3 6435
3 6189
5 2444
3 218
2 2222
4 4735
3 6924
2 6194
4 9414
4 2365
4 6386
3 6927
4 817
3 7732
2 4851
2 8684
3 125
3 7147
4 6410
3 5446
1 2242
1 2604
1 8666
3 262
3 919
4 9691
5 7585
4 9753
5 1106
3 3079
1 2976
5 8696
1 7948
1 5167
5 2565
5 1446
4 1445
5 7587
3 1301
3 2803
1 4821
5 9765
2 9891
5 5474
2 9554
2 1622
5 2724
3 6257
4 3466
3 4733
2 5604
2 1660
4 7519
1 5181
3 2886
1 5016
2 7281
2 2793
2 896
4 2349
5 8145
5 1784
3 7353
1 1114
3 6995
2 8738
5 5308
2 7247
3 1928
2 3245
5 706
3 6231
5 3934
3 2704
5 8245
2 5706
4 7850
5 1421
2 1329
4 1765
4 3544
1 8229
3 7582
5 7085
3 6574
5 7984
3 2050
2 5938
4 9761
2 3609
5 5701
4 7983
4 3825
4 1402
5 4040
1 6807
3 1764
5 8340
4 2225
4 7238
5 7192
5 5912
3 1491
1 1953
3 8063
2 6266
2 8377
3 3466
4 56
5 800
2 3796
5 2973
5 2939
4 2519
5 9659
3 2297
5 9352
1 4562
5 4841
2 1772
5 3099
2 8405
5 7862
3 840
4 6239
5 3495
1 5235
3 6695
5 6972
2 8536
3 5965
5 2739
5 4635
1 5519
4 521
1 4237
5 9890
2 7321
3 2779
1 3074
4 8862
2 7155
5 5484
3 5956
1 3049
1 5807
5 1453
1 5641
5 6407
3 858
4 2557
4 9887
1 8803
1 2683
4 9891
1 7329
4 503
4 6138
3 619
3 5251
1 2384
4 7575
5 8390
3 7211
5 5785
5 5869
4 2915
4 1571
3 4810
1 8300
5 6377
4 7809
2 8939
1 2609
2 3196
2 2488
3 7881
1 8055
4 6961
1 1245
4 5240
4 2653
5 8817
1 5018
3 6109
1 7436
4 912
5 8787
2 7045
5 5712
4 8195
2 5525
4 9486
4 9178
2 9778
1 6208
4 7891
5 3652
2 5466
1 2697
2 472
1 4420
4 5158
5 2672
3 3417
2 6230
2 1457
4 6296
5 5284
3 813
4 8670
2 4602
3 6691
1 8261
4 358
5 8214
3 9003
2 599
5 9654
3 4904
5 2058
3 8388
4 2036
4 9072
3 2387
2 5390
4 3885
1 5606
2 375
4 2966
4 9806
4 9205
3 1526
3 8855
4 2211
3 179
1 9434
1 372
2 1709
5 78
4 7963
1 6530
5 5732
3 4845
4 6434
3 5336
2 5727
2 2880
4 2130
4 6978
3 7757
5 6742
1 2312
2 6225
3 7036
2 3088
3 9253
1 9761
4 1215
2 9560
3 3646
2 2170
4 8749
3 1598
1 361
4 6966
3 8606
3 5740
1 2051
3 8054
3 8364
3 2241
2 2304
2 9511
4 4707
4 2705
2 6116
1 9834
3 8243
1 7802
2 7603
2 9847
3 5645
5 4857
3 6638
2 874
3 68
3 3332
1 5075
3 7883
3 5795
4 3437
4 3695
2 8106
1 276
2 9184
3 1411
5 4411
1 6661
4 2162
5 5995
3 4956
3 553
1 2526
5 8650
3 7974
4 8494
3 6466
2 3893
2 2674
1 9702
1 5678
5 3035
5 3080
4 810
3 7852
4 4743
1 3266
2 1186
1 5952
4 8661
3 5558
1 1316
3 7058
1 5956
3 5115
5 7531
4 7866
3 6354
1 3233
1 7175
4 74
3 1537
2 3516
3 2177
3 8858
2 4596
5 7442
2 8344
1 8968
5 2225
3 9377
2 2695
3 1737
2 1068
4 3764
2 4723
2 2156
5 563
2 7123
2 8562
2 5987
4 9516
4 9692
5 4360
3 5132
5 663
1 2361
2 7582
2 5985
5 6855
3 350
1 4116
1 6949
4 2722
5 8831
5 2982
4 8602
4 3291
5 6956
3 5080
3 1715
2 2290
5 8401
5 8102
3 1974
5 9405
5 3222
3 9532
1 4287
3 7482
4 6401
2 4295
5 7691
2 5572
3 7343
2 8069
2 2648
4 2192
5 9964
1 9986
5 5463
2 4870
3 162
3 7897
2 4335
2 7203
2 4318
2 3920
5 9305
4 8137
3 5815
1 245
1 2653
1 1108
5 5708
1 3287
4 8658
3 8833
5 6563
4 9104
5 7362
3 7509
3 6773
4 5137
5 2102
5 2899
4 4373
2 4419
3 8375
4 3822
2 1656
2 5948
1 8386
3 2830
3 7220
5 4653
3 2675
2 4461
2 5746
5 4410
2 2589
1 3499
2 9731
5 770
5 3949
5 3804
2 4886
4 1148
2 7531
3 5261
4 9730
1 7605
4 6496
1 7402
1 1855
3 3922
5 7220
1 1703
4 1152
5 4791
4 5028
1 600
2 4982
2 3471
4 6446
2 4931
2 8820
2 7198
4 461
4 7738
1 7696
1 7561
3 3177
4 4360
3 5579
5 3064
4 3474
5 7060
4 5460
3 6169
5 9858
5 7027
2 6337
4 4377
5 9184
4 4510
2 7053
3 890
5 424
3 4459
4 7504
5 1571
2 6618
2 2097
2 8417
2 7718
4 8941
2 516
3 6842
5 3409
2 9748
2 6568
5 7528
3 4350
2 6264
5 9142
1 3052
2 2762
5 5423
3 2088
3 6467
2 652
4 9156
2 4667
2 591
1 7868
2 6991
4 5673
4 1197
2 3500
4 210
1 736
2 9695
4 6061
3 1918
5 9721
5 4948
3 3525
5 8459
4 8996
2 2534
1 7002
3 6660
4 4109
5 3015
5 2585
2 7792
2 2322
2 9696
5 1102
4 2251
5 4689
1 5489
4 8397
1 3407
3 5270
3 5644
4 2927
5 4993
3 2985
2 5853
2 2269
2 370
3 7053
1 2644
3 6271
2 4009
2 4640
5 2047
5 6888
5 2492
4 718
5 707
5 9942
2 9559
1 7447
3 7865
5 4650
4 4522
5 7658
1 7649
5 1146
1 9067
2 7028
1 2836
1 8287
4 4065
3 6758
5 9824
4 2631
5 9943
1 2990
2 5026
3 3093
5 1043
1 3373
1 4677
3 1752
2 7635
1 1443
3 5657
5 521
5 9006
2 1915
5 9860
4 1074
4 7054
4 2451
2 886
4 3930
3 5972
2 8687
3 2955
2 9415
1 6470
1 5328
5 8640
2 2236
5 3484
2 6920
2 3168
1 1365
3 7617
5 9691
1 1837
2 9229
5 5275
2 1813
4 4244
3 8527
2 8785
1 9708
1 9411
5 4815
5 7353
3 1809
2 5476
5 7040
1 5007
5 1954
2 2558
4 9306
5 1513
4 64
2 9116
2 5747
2 1340
5 5280
2 7237
3 3125
3 4943
5 3260
5 2449
1 6560
2 1425
1 1696
1 3496
3 2721
3 5495
3 6522
5 4183
5 3794
1 7857
4 5360
2 6535
4 6751
4 4546
5 7332
1 879
1 3140
4 5410
1 8164
1 9864
2 1488
2 1114
5 1259
4 9181
5 9897
5 6425
3 4340
2 5733
2 7401
1 1702
2 5465
5 8131
5 1267
4 7057
4 3877
1 4227
1 8066
3 248
4 9032
2 9565
4 4613
1 7405
5 9247
5 4203
5 8548
5 784
3 3798
4 9459
2 5764
4 3633
3 3074
3 5546
3 8024
2 5083
1 4017
1 434
5 901
3 7622
1 3219
3 2612
2 4549
4 3223
4 9829
1 1802
4 9598
2 3647
4 3706
4 7546
5 5201
4 1306
1 5907
4 6736
5 9811
4 5371
1 4500
2 1062
5 292
1 8023
2 105
4 2147
1 8967
5 5718
1 7763
4 4990
2 4336
1 4424
4 3237
1 9361
1 1156
5 9641
2 4354
3 2811
1 1565
2 4869
4 8581
4 448
5 2170
4 216
3 5564
1 5071
2 1336
4 5095
1 7335
5 2744
1 2630
4 6230
2 5468
5 5089
3 5429
5 2154
1 7430
5 5977
2 5374
1 5937
5 3115
1 5841
4 2736
5 1541
3 6564
2 9248
2 1407
4 3842
5 8467
2 3276
2 8641
2 2039
5 4660
1 4883
1 5168
3 8165
4 3608
4 7513
5 8059
5 1652
4 6374
5 9528
1 4252
3 1214
2 3046
1 3467
1 2577
5 3777
5 7813
4 1591
2 928
2 7127
2 9749
1 9364
3 7591
1 5452
2 4414
5 4263
2 4784
3 1794
5 8917
3 6204
1 9896
1 6433
1 9469
3 2911
2 6714
2 2161
3 5943
1 4096
1 2772
4 1893
1 3809
3 932
4 6069
5 3611
5 2776
5 1070
4 572
5 4881
2 9269
5 6008
5 1125
2 3160
4 136
4 7662
2 7199
4 4333
1 8793
5 9430
2 6270
1 7018
1 8503
2 8393
5 6903
4 5142
5 6341
1 8469
1 2492
3 1835
5 526
1 3845
3 3981
2 2871
5 4486
2 310
3 4565
4 8982
5 9432
2 7462
4 7007
2 1638
2 2313
3 5242
4 1733
3 9942
5 8091
5 1423
1 6122
5 6215
3 7230
2 8061
1 4566
4 9525
1 1981
2 3254
2 445
3 895
1 1219
2 7995
1 7385
4 7514
1 7992
5 2794
3 6066
3 8045
5 2763
4 4399
2 774
5 2953
3 4655
5 7412
4 4495
4 6329
1 5659
5 5588
5 9239
3 2931
5 6410
2 648
1 7527
1 9054
3 389
5 3639
1 4733
1 1754
3 3254
3 2347
4 1656
4 3279
5 9702
1 7013
2 7338
4 5190
5 9042
2 227
5 9023
2 8940
4 2028
4 4474
5 4742
2 3980
2 5930
2 7311
1 8466
4 1347
1 7113
3 4981
3 3896
4 7390
3 6214
2 8851
2 6697
5 7372
3 1963
4 87
4 6747
5 6112
2 5819
5 505
1 9669
4 6615
2 350
3 5499
3 7551
4 8815
1 2621
4 6459
1 3897
3 2415
5 5635
2 8670
4 8858
4 262
4 8341
5 2268
1 2532
3 1321
5 9865
5 7458
5 8657
2 7038
2 1385
4 7673
3 1293
3 3363
2 3191
2 653
3 2697
1 4892
2 6294
3 6280
1 51
4 8049
2 7496
2 3694
2 8046
1 9996
1 4175
1 5764
2 8824
4 1496
5 6185
1 4980
4 9135
2 2413
2 9190
1 5042
1 1785
1 9951
5 6647
5 7893
4 6864
5 7443
1 8648
3 8482
4 2188
1 1186
1 4184
2 629
2 1943
1 3662
5 1573
5 5298
2 6467
2 4894
2 838
3 7679
4 6099
3 5566
4 7326
3 8423
3 642
3 2735
4 8773
5 6771
3 5718
5 1901
3 7096
4 5883
5 2504
2 3410
2 4906
2 5638
2 3733
1 7368
4 2522
5 8304
5 8619
4 955
3 3381
2 4855
4 8844
2 2869
2 5298
3 8185
4 3794
5 7001
5 79
4 375
3 6060
3 4169
3 1316
3 768
1 6191
2 5969
2 6228
1 8871
2 9154
3 5162
3 9398
4 6710
3 806
4 2713
1 1795
3 240
5 6066
3 464
3 6358
2 8203
3 5875
3 5734
2 8183
2 836
2 7190
1 2018
5 5160
5 7250
1 5353
5 7246
3 8062
2 1145
3 4057
1 7881
4 1823
4 1048
4 8967
5 2160
5 6849
5 7581
4 1796
3 2383
3 5766
4 5611
4 8157
1 9666
2 3304
3 3194
3 6235
2 4037
1 4249
5 2805
4 2790
4 8891
1 5352
3 6073
4 45
1 8230
1 565
5 1177
1 5477
3 2519
3 3802
2 867
2 9989
5 7136
3 4992
2 6882
2 4495
5 8630
5 9190
2 6315
2 6210
5 2211
1 9826
4 5962
1 8400
3 8099
3 2258
3 3229
4 9543
5 8159
1 4899
4 1736
5 8738
1 3343
1 8621
3 7875
1 3594
2 8027
3 5330
1 4448
5 8347
5 6199
1 4688
4 7443
3 1685
5 3598
5 9933
1 2337
1 4488
3 1818
4 2199
1 6533
1 7787
1 8770
4 3924
5 5491
2 8963
3 1311
4 7903
5 4637
5 3877
4 5052
5 7518
2 2140
2 5102
5 3422
4 6647
4 6277
4 7990
3 6457
2 3965
5 1351
4 9899
2 604
1 2743
2 1268
5 8869
4 2352
3 4276
5 6707
1 2459
1 3161
5 2036
5 6367
5 2861
1 2835
2 8487
5 2336
1 8576
5 7767
2 7882
2 7002
1 4536
2 6297
4 2133
5 304
1 6164
2 5774
5 6291
5 1597
1 7865
5 1182
2 709
5 6401
3 3218
2 583
2 6742
5 5659
3 1773
3 4795
3 2587
3 1791
3 2744
3 3094
4 5848
4 342
2 6330
5 7578
2 4316
2 2216
5 4596
5 1126
4 2872
5 3048
3 2960
2 6406
3 1189
3 6355
2 6418
5 9282
2 5751
1 3283
2 5462
1 8681
2 2011
5 1328
5 7023
4 6435
5 930
5 8144
3 4683
5 6026
3 1574
1 6884
3 7657
3 2111
1 687
5 100
4 1088
1 2358
1 5102
5 1058
1 4290
5 1522
5 7003
4 6178
3 6841
3 643
1 1189
2 9235
5 6837
4 6538
5 6349
3 4289
1 2899
2 4471
1 692
4 2191
2 6996
2 9293
5 111
3 6422
4 2335
2 5923
2 2121
4 8301
2 7046
2 6965
4 7170
5 6081
4 7146
1 4414
5 115
1 942
3 3824
3 8188
1 2357
4 875
5 7258
2 4844
5 4187
4 5616
5 5087
4 9162
3 2418
1 5909
1 1793
1 9369
3 2380
2 4196
1 769
4 8863
3 8234
5 485
4 6610
1 8780
2 2819
3 1780
5 8848
2 9213
5 9233
2 6905
4 9441
1 5090
5 8729
2 1325
1 8233
5 7715
4 3012
4 1059
5 4666
2 3927
5 9392
1 7855
2 6522
5 213
5 4823
1 572
5 503
3 7025
3 3361
1 2989
2 8138
1 7198
2 3729
1 1632
4 681
4 5174
2 4409
1 4763
2 3152
1 9990
3 6905
5 4893
1 7678
1 7021
5 1499
1 9520
2 9528
5 5717
4 9224
3 3274
4 7765
5 6954
1 2698
5 5540
1 6160
1 5957
5 5464
1 804
5 9968
5 7745
1 2067
3 8798
3 3512
2 259
5 5674
1 3532
4 9437
4 191
1 1630
5 2976
5 6154
1 3248
4 4718
2 1611
3 8401
5 2502
2 1546
3 1657
3 6744
3 2180
1 5435
2 2743
3 4976
5 5134
5 5026
5 2005
3 3967
5 2811
3 271
4 289
5 2395
3 5143
4 2184
1 426
3 5874
5 1343
3 2131
4 7309
3 4730
4 467
2 9313
5 4250
2 1485
1 610
2 7933
3 2044
5 8554
4 3266
1 119
5 5719
2 526
1 7457
5 7949
1 7686
5 199
1 7236
5 9082
1 2448
4 9742
1 8552
4 1661
1 1759
4 7369
2 6033
5 1612
3 7330
4 2127
3 3539
4 836
1 3534
4 1789
4 8464
3 8073
5 3391
2 4805
5 8021
2 4669
4 4878
2 3659
4 2198
5 3755
1 7946
2 3738
2 4993
3 7841
5 715
4 80
2 6917
4 6554
2 8628
3 7673
4 5959
5 3800
1 6286
2 5820
1 2945
3 7186
2 7949
4 672
4 5203
2 8120
1 6786
4 2143
5 6260
4 7240
4 8697
1 3194
5 3524
4 1077
3 4067
1 4921
2 2306
1 2708
2 8178
4 8663
1 5644
2 5835
1 2486
5 4026
3 2101
5 5165
5 2983
1 7715
1 1783
2 6269
5 5338
5 2473
2 6628
3 2695
2 1593
4 1587
4 8336
4 7237
1 4618
2 7869
2 55
3 1888
3 5761
1 5375
2 4141
5 3747
5 742
5 9276
4 4484
5 1485
2 5552
2 5885
5 4634
2 2736
1 2114
3 2848
5 4759
5 9829
4 8965
4 5249
2 2148
2 3025
2 8395
2 5561
3 459
1 6253
5 3585
5 1066
4 6203
4 5087
5 246
5 1624
4 7193
2 2427
1 6245
4 1171
2 5444
4 9951
1 202
1 1888
4 6780
4 7450
3 4005
2 6343
2 3909
3 6367
4 7388
2 3740
4 1141
5 4045
4 8480
5 5035
2 3739
4 2696
1 2415
5 2274
3 5582
5 1107
1 6004
1 1268
2 4374
4 1026
5 9525
4 3485
5 6992
4 9223
3 164
3 950
2 7210
3 6934
1 8695
2 9893
2 3328
4 4879
1 2462
2 6162
5 6131
3 7261
4 7536
5 8691
2 7269
1 5258
4 3871
4 4627
3 3961
4 9526
5 6451
5 6089
2 4140
5 4388
4 2661
2 1951
2 8197
3 2769
1 319
3 8016
2 4215
4 3710
1 2534
5 7579
4 6373
2 7520
1 3741
1 5769
5 2359
2 8398
2 9150
4 1477
3 7203
5 9709
4 3626
3 885
1 3663
1 856
2 1460
5 4398
5 630
4 498
3 2987
4 1925
3 6301
1 7106
3 6344
4 3616
5 5394
5 5748
3 7225
5 5169
4 9458
2 4487
5 5207
1 1628
5 596
5 4821
4 5037
3 2407
4 1669
2 5748
3 6222
3 514
1 6426
4 1764
1 3480
5 4728
2 5011
5 3018
3 4108
4 2465
4 82
3 5818
4 9842
4 2652
3 5710
1 1540
5 5746
3 5733
1 6197
3 1825
3 5722
1 5753
1 3295
1 574
4 9363
5 6222
1 2047
3 1651
1 7768
5 8790
2 6542
1 9080
5 4252
3 6799
2 8606
2 315
3 866
2 7163
5 5537
4 7127
3 2617
3 4491
4 4089
2 2691
1 1134
3 2805
3 207
3 5931
5 9123
1 8153
4 3513
4 5398
1 9494
4 621
3 3080
4 7776
5 4142
1 3290
2 3526
1 8075
3 1676
2 2323
2 9706
1 7895
1 9493
4 8732
4 2437
2 6271
2 2655
2 9927
3 4256
2 1557
5 6933
2 5984
4 9059
5 3624
1 8157
2 6716
2 3012
1 9444
2 9092
1 1050
5 8826
3 9658
1 6841
1 7179
5 4389
4 6118
1 4419
1 6130
3 7922
4 3052
1 913
2 4872
3 118
3 4247
3 6085
1 5392
5 3455
3 2000
5 1469
4 2331
2 9204
1 4916
3 4978
4 5952
4 6818
4 1807
1 6333
1 6368
5 3640
5 7885
2 5379
2 6861
5 2232
4 4211
4 4796
2 8931
4 8427
5 8321
5 7266
1 4964
1 5340
1 200
5 2638
5 2228
3 2427
2 6701
2 2909
5 514
3 1066
5 3358
2 7448
4 3676
1 7100
1 5312
2 7378
5 5819
1 8544
4 2132
2 3766
4 2266
5 9326
4 4078
1 6135
5 5037
5 1083
5 6461
5 5337
1 3235
3 2036
4 2671
2 5494
1 1723
3 3728
5 9947
3 6702
1 7872
5 4237
1 777
5 5611
3 5239
4 6270
5 2955
5 7794
5 8896
1 7990
2 616
4 413
4 2926
3 4967
4 3761
4 551
3 7373
5 684
5 7187
1 140
4 1676
1 6722
3 4385
1 136
1 900
3 2337
3 8056
3 1712
4 4656
1 7359
2 6182
1 241
1 3190
2 9788
3 2696
2 4959
4 9112
2 3955
5 6815
3 2812
5 5973
3 6982
2 6165
1 2510
5 8489
5 4799
5 4080
4 5733
2 5004
1 9895
3 7668
4 6632
4 7218
4 3465
1 1226
5 6521
1 6344
2 9112
5 9841
4 823
1 3183
5 1511
2 6026
5 2090
2 784
4 8339
5 6953
1 8588
5 1599
2 4729
5 3774
5 4514
1 4284
1 5809
2 9028
3 7286
3 5585
1 621
1 6454
2 9228
3 7947
2 2249
4 1524
1 4761
1 6881
5 8253
5 8034
2 46
2 6022
4 2520
3 9706
1 1112
5 8611
2 7533
5 4456
2 3803
5 6434
2 9240
5 3043
4 535
5 1761
4 5109
4 9802
1 321
2 1066
5 9912
3 8218
4 3308
2 2876
3 421
3 4355
5 3531
2 8341
2 9762
3 5736
2 2181
3 7488
3 5793
3 2702
1 9398
5 2172
5 2184
2 5419
4 6495
2 1569
1 6019
5 3083
2 6956
1 3863
2 3373
5 9704
2 4794
4 537
2 6003
4 4583
3 5396
1 5543
5 415
4 2948
1 2894
5 5072
2 9301
1 6851
2 2248
2 9459
2 9024
3 28
1 7958
1 5307
4 450
5 3956
1 7315
5 4686
1 473
2 7089
2 977
2 6419
2 6196
1 7666
5 5496
2 2005
3 8635
2 4464
5 2326
4 7800
4 653
4 1725
5 4519
2 220
5 4385
3 5125
4 2775
5 1509
1 1817
5 4713
3 7287
1 3611
4 4617
1 8551
4 1018
2 3969
1 4956
2 7318
1 7883
5 9300
5 3870
3 4055
1 9266
4 2277
4 4165
2 6874
5 7625
5 4734
4 9809
5 7608
1 5561
2 1662
5 2653
2 7320
1 1375
1 6414
1 8802
1 394
5 5806
1 8687
3 9455
4 355
1 5869
4 1991
4 5145
5 1583
5 9126
1 7971
1 1748
4 9571
3 5984
1 194
4 9879
2 3051
4 9253
5 8608
3 6513
3 4425
5 9099
3 4312
3 8775
1 1228
5 9339
2 4940
2 9418
2 7173
5 2661
5 4423
1 2890
1 5748
5 2749
4 6742
3 3734
1 2540
2 4800
5 9782
4 8662
3 2636
2 7596
1 9029
1 9276
4 7659
2 5308
1 2465
3 2954
4 7772
5 6576
2 1753
2 5623
5 8876
1 9137
2 1335
2 2262
5 9843
1 3530
3 654
5 4833
4 9213
1 7980
4 8582
4 7876
3 8377
3 2622
3 6146
2 4214
2 5087
4 7697
4 8559
1 6654
5 1383
3 3344
1 1111
5 2718
4 2664
3 6741
5 5626
5 3150
1 5459
4 5400
4 5308
4 9977
2 5063
2 642
2 5356
2 6961
2 4660
4 3721
4 7034
4 7282
2 2954
4 896
2 5784
3 5653
2 7964
2 6703
5 3312
1 9997
2 8545
5 4067
4 7924
2 5205
1 5374
2 2838
5 5549
2 9722
5 8922
4 3647
4 8595
4 3334
4 1313
2 7968
4 9455
1 8034
2 3537
1 9611
5 6733
2 9477
4 9013
4 2445
5 5904
1 6912
4 2624
3 1245
2 2628
3 4381
3 7781
2 2418
2 765
2 1434
1 2914
4 4175
5 6060
4 1283
1 9968
1 7117
5 688
5 9222
5 3218
4 6733
1 4245
2 8252
3 6432
1 2723
4 5177
1 9206
2 2545
1 1269
3 7295
4 8440
5 6997
1 7398
3 4993
5 7327
3 1442
2 3964
4 9908
3 2789
4 4579
5 2844
1 7754
5 5139
1 2951
4 9387
4 251
1 4162
3 3856
5 8521
1 6329
2 2544
3 3600
3 7100
5 5974
2 6108
5 7958
3 7526
4 388
3 1988
5 3785
4 7301
1 5824
3 6569
2 9818
3 615
2 1699
2 8981
5 7804
1 5211
3 1342
3 6468
3 6703
2 5670
5 481
4 8368
2 7706
5 7121
1 3878
2 6908
1 7607
2 3158
1 6274
2 8867
1 4188
3 8041
3 7335
5 7679
1 1373
4 3830
1 3397
5 4858
3 8258
3 6463
4 1617
4 481
2 6005
1 4495
5 2625
2 9405
4 6347
5 7617
4 7941
3 2634
1 6635
4 8344
4 3297
1 21
1 1983
2 5274
3 3977
4 7993
3 5086
4 3728
3 6985
5 6727
4 4300
1 6770
4 2068
3 5940
1 4585
5 615
2 3418
3 6666
4 1598
3 1633
2 2292
4 6907
4 1618
2 1533
2 2587
4 646
4 2602
3 8595
1 3389
3 6351
2 5258
1 653
4 8656
3 4925
4 1621
4 9245
4 9852
5 9761
1 5925
4 3910
4 4317
4 1938
4 9750
4 9256
2 1850
3 5900
3 3934
3 5570
3 1527
2 680
2 4345
1 8241
5 4934
3 9712
2 809
3 7655
5 4950
2 8227
3 2581
1 8280
3 8193
3 3518
4 7998
5 8068
5 2209
5 7462
5 9156
4 1798
3 5629
5 5003
2 3188
4 8305
5 2391
3 2854
1 667
2 7572
5 1010
2 6515
5 4198
4 5845
4 4074
4 7938
4 8869
5 1257
3 8696
2 6287
2 6236
5 4332
3 713
1 3749
5 4141
2 9035
2 9289
5 4682
1 7039
1 5914
2 4938
4 2959
3 6879
3 6471
3 2689
4 4122
1 1047
3 8220
2 9669
1 1395
5 8690
5 2121
1 5233
2 9060
1 1477
2 5478
2 1165
4 3986
3 3703
2 9911
2 9189
2 8857
4 9823
5 9291
1 5138
1 8612
4 1952
1 8581
2 5933
2 8028
1 4505
4 9856
1 6239
1 2682
4 6075
2 7899
5 6999
1 9869
3 3011
3 2950
5 5944
3 6840
1 2014
4 2034
2 4470
2 9033
1 1504
5 6821
5 8440
2 529
3 1014
5 1664
1 9470
1 7006
4 4966
2 6302
1 3846
3 5370
1 7541
5 2607
3 1359
5 8215
4 37
4 4434
4 6358
4 1086
3 3160
2 9683
3 4008
2 6255
5 527
3 2757
5 8505
2 6060
4 2007
4 6677
2 4575
3 130
4 3467
4 6249
3 7195
3 344
4 6318
3 6609
5 4089
2 2214
4 2667
4 9514
4 6418
2 366
2 3509
5 7560
4 8467
2 1728
1 8048
1 5566
3 8394
2 8509
4 6607
2 1880
4 7051
2 7299
5 5124
4 3836
3 4120
5 1381
4 8349
2 2737
2 2722
5 7899
2 6663
3 5220
2 1777
3 2758
2 7385
1 4274
2 7455
4 6512
2 7429
1 5236
5 5383
1 1368
4 5989
2 5798
2 4361
2 1201
5 2216
4 7189
5 3677
2 8212
1 4712
2 7541
3 3656
2 5400
4 2223
2 8552
4 3275
1 2885
1 206
2 3619
1 3629
3 2382
4 4203
5 4083
2 2715
1 2947
2 8599
1 7058
5 3897
3 5411
1 3645
2 3981
1 1934
3 6088
1 9930
4 5372
2 7834
3 3187
4 1589
4 8417
4 6541
5 5274
3 3190
4 9652
3 6951
4 3769
5 6781
4 8881
5 7673
2 6397
5 9351
3 6789
5 5064
1 1021
5 417
1 7856
4 9301
4 580
4 5258
2 2665
5 9189
2 7772
4 5602
5 6543
1 8445
2 6935
4 4197
1 9807
4 363
2 4653
3 5288
1 5301
5 3227
4 3545
2 772
3 165
2 1902
5 2606
2 1194
2 8390
2 8905
5 5694
5 4503
4 3102
5 9470
1 5899
4 2430
5 3718
1 615
1 8159
1 8506
2 1211
5 9161
5 3888
2 172
2 5165
1 5129
4 4779
4 662
1 4655
5 8710
2 1313
4 2886
1 6294
3 6671
4 478
5 697
3 7616
4 7495
4 4462
3 8214
1 9690
3 3925
3 6506
1 4272
5 3101
2 3723
4 6388
3 839
1 2280
5 9111
2 660
3 931
4 2747
3 5970
5 9044
5 9756
2 2227
4 4142
1 5413
4 3783
4 158
1 4159
4 6981
2 9575
1 4486
3 4172
5 7706
3 7717
2 5439
3 3807
1 6276
2 3604
5 8492
2 615
3 5409
1 6802
5 4944
4 7202
3 1833
2 2151
5 157
1 9453
2 8239
1 8049
1 6733
5 5414
2 3896
5 4081
4 4009
4 6511
3 7374
2 714
1 4400
1 5213
3 577
1 1099
5 2417
4 5091
1 9522
2 5255
5 4696
3 6117
2 9537
1 4440
2 5339
4 9189
4 7295
4 6282
3 5912
4 1253
3 5142
3 4391
1 8136
3 8928
1 103
3 5113
2 2430
1 4000
1 3339
2 7636
5 9000
2 6148
2 1483
3 8306
1 4776
3 1847
2 934
1 4587
3 2887
3 856
4 4750
4 1492
1 1402
2 8664
3 5181
3 8048
1 1799
3 2406
5 250
5 2528
2 8282
1 7988
1 8281
1 7579
2 7293
3 3898
1 5894
3 6209
5 1306
5 4918
5 4988
3 8455
1 1774
5 207
3 2374
4 5251
1 7842
2 7229
1 4973
5 7322
2 9777
2 3066
2 6195
1 2094
4 1208
1 9075
1 7137
1 5207
2 476
5 2025
1 9575
5 3236
2 3005
5 7384
5 9199
5 6590
3 8004
3 3804
1 3199
1 7088
1 4694
5 9243
3 7598
4 4724
4 131
4 106
4 1970
4 5619
5 4605
5 8278
2 5398
5 777
4 8949
5 8613
5 8908
3 7596
3 556
4 7385
2 6179
1 4720
4 5555
2 832
1 5304
2 7547
4 7637
1 9957
5 8593
5 5343
4 5917
2 6334
4 669
2 5708
1 4024
3 7837
5 3685
2 4406
3 6768
3 2123
2 2344
1 2594
2 1604
5 5158
5 3046
4 1032
1 3723
2 4992
5 2197
1 42
4 1075
4 8504
2 6019
5 2627
1 3916
4 4858
5 6554
2 617
5 3195
5 8312
1 8424
4 233
4 6543
4 5210
3 7300
3 3054
1 7242
1 7440
1 1422
1 5485
4 4664
5 6659
1 3767
1 9199
2 1838
1 4241
5 9388
5 6861
4 8088
2 2060
4 7534
3 2852
4 2380
2 8339
2 7991
3 4965
3 5954
4 9232
2 7472
5 9759
1 4141
2 3644
5 6208
2 1561
2 4990
2 9098
5 8284
3 2432
2 9596
4 8312
1 8745
4 2031
4 62
5 237
1 2335
5 8920
4 4338
1 6546
5 7916
1 1281
3 9953
2 8988
1 2001
2 2613
2 790
2 7395
2 4654
5 8228
1 8309
5 3276
3 4336
3 2998
3 2568
2 1962
2 4687
1 901
1 162
2 9315
1 7779
4 2899
4 6933
2 7029
4 2193
2 6787
1 758
4 4767
5 9503
5 3411
4 2214
2 5767
1 1946
1 7323
4 3493
4 1818
5 5254
2 9759
2 7883
5 9499
2 1552
3 7635
1 4832
1 3658
4 1365
1 9393
4 1132
2 3232
1 1324
1 7508
3 2626
3 2716
1 1904
5 6981
4 9827
2 3117
1 9477
5 919
4 9154
4 9512
2 592
1 1647
5 3601
2 3547
5 8123
2 8544
2 9681
3 4341
5 4102
3 7708
3 614
4 2089
1 8213
5 301
1 2392
2 9899
2 384
3 7586
1 2262
4 1199
1 5177
3 826
4 4324
1 5670
1 6908
4 6823
4 6206
3 6310
2 7073
1 5309
4 1556
1 7373
1 726
2 2666
3 6446
5 9361
2 3394
5 8356
2 2218
3 2995
4 9693
3 1769
3 8135
4 1903
2 6483
4 6631
5 6189
1 7428
3 5381
1 1730
1 3472
3 5135
4 3395
2 3113
1 5980
5 1144
5 7913
2 5320
4 1034
1 4439
5 8165
1 218
3 4504
1 1031
3 7189
1 3678
1 5201
3 6715
3 4303
3 3043
4 9068
5 3615
1 948
3 9009
1 4470
1 4745
5 5641
1 4556
5 1825
3 3795
1 7365
1 1068
2 9029
4 6123
3 2005
4 797
1 7288
1 5560
2 5935
4 7197
5 2823
5 3208
1 2394
3 6880
4 5182
2 6454
4 7065
3 3065
2 4127
3 6961
5 3744
4 4927
4 5698
3 1649
5 5598
1 894
5 9724
2 1977
3 1238
3 1983
5 8058
4 383
4 5423
5 8436
5 9567
4 7713
3 2492
5 4087
1 4705
5 4733
3 2799
2 5618
3 5422
2 7435
3 7682
1 7270
1 6831
4 8603
3 1486
1 6589
4 4638
2 8537
5 166
1 205
1 7942
3 5882
2 3209
1 6442
3 455
5 6604
4 1832
1 1768
5 6149
4 5001
4 5250
4 7379
3 155
3 907
3 4445
3 5905
3 5643
2 9491
2 7780
1 505
1 5975
1 537
3 6390
5 8813
2 7583
1 3386
2 6388
2 6841
2 126
4 8972
4 9635
3 1601
1 9344
3 8031
4 6223
5 6248
3 7363
1 3529
3 6313
5 522
5 7144
5 241
1 6242
4 7208
4 9766
3 3775
2 7896
4 491
2 8971
2 1718
5 3016
2 7817
3 7553
5 579
5 7797
4 4061
1 5732
2 3214
5 3992
1 8955
5 2424
1 3044
4 9883
5 3335
1 5666
4 4006
1 4534
2 9615
1 9927
4 893
1 6531
4 7067
5 5767
2 9014
2 5838
1 2544
1 2928
1 3510
3 6882
1 1975
5 504
4 5266
1 4971
4 516
5 9269
1 835
5 9472
2 6879
4 3740
4 1305
1 1868
2 9875
2 586
1 2245
5 6871
5 9022
4 3290
3 2062
1 1089
4 6179
5 2322
1 2194
2 656
4 3503
1 6014
5 5685
1 5981
3 4514
2 5689
5 187
4 197
3 3380
4 3677
5 2730
1 6464
2 5944
1 2756
3 3916
2 8747
4 3938
1 49
1 9251
4 9903
5 223
4 8023
1 6494
5 814
4 1828
4 2151
4 5807
1 8601
2 897
3 4616
4 5688
3 5512
2 9786
2 6626
2 9848
1 8890
4 8433
5 1730
3 938
2 1351
4 8404
3 4455
4 180
3 6048
1 1481
1 867
4 90
1 1936
5 2786
2 6350
5 1620
1 9646
1 4787
1 8263
2 9719
4 1165
4 5280
4 4956
5 4551
4 5659
2 4016
4 1813
2 8897
4 2725
1 806
1 7722
2 3719
5 5957
4 8487
3 4190
1 264
5 4679
3 3510
4 7227
3 9536
4 5971
5 9946
3 4495
2 6538
2 3852
3 3422
2 7249
5 4776
1 9479
1 2823
3 6836
3 4002
1 3151
4 6376
4 8585
3 1972
4 242
4 776
5 1589
5 3506
5 6251
5 6296
4 9501
4 889
2 3413
3 4007
3 4029
4 9981
4 1383
5 5547
3 4189
2 2748
4 7493
1 2557
2 168
2 1271
1 1496
1 728
1 9004
4 7549
1 3451
5 4608
5 7010
1 6901
4 3065
1 9437
3 2927
2 1375
1 7043
5 2402
1 2112
3 470
3 8792
5 2292
4 5338
5 2513
3 1273
1 8679
5 9666
5 1151
2 3184
2 9438
1 2560
2 8029
4 6284
3 5691
3 6816
1 4559
2 5431
3 7573
4 8431
2 2639
3 5525
4 984
1 683
4 8762
5 9308
2 5852
1 1168
1 411
2 4624
2 7365
4 4459
1 4663
3 4665
4 2493
4 1558
3 2480
5 8202
4 3584
2 4788
1 5930
1 7569
1 2158
2 6600
4 6480
3 5170
4 4082
4 7382
1 2732
4 2799
2 6614
2 1442
2 8362
3 6514
3 2227
5 3551
5 1847
1 6916
1 9497
1 1901
2 792
4 285
4 8555
5 5783
1 4107
2 4263
1 9881
5 6744
2 3057
3 7825
1 1297
5 5027
3 2962
3 7441
3 6858
4 1437
5 3593
1 3850
2 6826
4 9946
3 7576
4 7715
2 3939
4 1286
1 5193
4 2548
1 3212
5 7954
5 5604
2 2708
2 3975
4 2655
1 7724
2 675
3 3771
4 4119
2 482
4 7952
4 8224
2 312
1 2189
5 9466
3 5315
1 408
1 8341
4 98
4 4457
4 3833
1 981
5 7963
5 302
5 8675
4 4745
4 4758
3 2362
2 573
3 9082
5 6768
5 9726
1 8510
4 4970
4 2153
5 6667
1 497
5 4644
1 6927
5 1792
4 161
4 5441
5 8507
1 9401
5 2735
4 967
1 5318
5 6055
2 6325
5 8558
2 1797
5 4872
4 6583
1 13
1 2412
5 259
2 9897
4 3265
4 9984
1 3834
1 6012
5 8682
2 9816
4 1600
4 7699
5 1669
5 3541
1 792
3 2127
2 1391
2 7840
2 1337
1 122
5 771
5 1681
3 3590
1 5668
3 7547
5 3558
1 2542
5 7221
4 1612
5 5314
1 3652
1 7869
1 8018
4 6265
2 9861
1 4885
3 4573
5 9848
2 3375
5 293
2 5383
2 4961
1 3595
4 7975
1 6302
4 9188
5 1520
2 2487
4 9844
3 2168
3 7672
3 8013
5 3844
1 8376
4 2939
4 3289
5 9534
2 4462
3 1777
3 7497
1 3728
2 4298
2 119
1 1040
5 1462
2 6893
2 9143
3 8861
5 8661
1 2456
2 314
