1 5628
1 8700
1 5055
2 3161
1 7383
2 6381
2 1437
1 8816
2 6013
1 2036
2 1270
2 3359
2 3055
2 4153
2 638
1 8894
2 6238
2 7004
1 7372
1 8840
2 6595
1 8056
2 7989
1 2489
2 8808
1 7051
1 2365
2 9271
1 2475
1 7088
2 8506
2 447
2 3832
1 5290
2 3187
2 6405
2 4438
2 6608
2 3700
2 1829
2 3871
1 3141
1 4820
1 6840
2 1855
2 9047
2 8267
1 3389
2 8473
1 3281
2 6493
2 4788
2 5332
1 5349
2 1204
2 6792
1 5342
1 8984
1 3201
2 7432
2 7094
1 7515
1 3359
2 1140
2 3834
2 1145
2 4420
1 5739
2 2140
1 3388
1 5404
1 7932
2 5909
1 9701
1 7820
1 3910
2 5278
1 6396
2 2054
1 7096
1 4337
2 9531
2 4065
1 2134
1 8451
1 4763
2 1067
1 3563
2 3705
2 6478
1 7104
1 3060
2 2911
1 5845
1 6785
2 186
2 5897
2 9290
2 106
2 6611
1 6338
1 7479
2 3670
1 5642
1 4612
2 6539
1 2082
1 4694
2 7514
1 9436
2 4480
2 8387
2 468
1 5977
1 5317
1 5995
1 3724
2 7783
1 6360
1 4775
1 7198
2 3303
2 2468
2 8549
1 8077
2 2708
2 7820
1 7474
2 5600
2 8447
1 9033
2 5677
2 7583
1 3428
2 7384
1 7819
2 840
1 2351
2 1137
2 5806
2 7067
2 6167
2 6447
2 2056
2 8701
1 2755
1 8472
2 9692
1 2463
1 7957
1 5130
2 4768
1 3543
1 5263
1 8986
1 5106
1 4213
1 7059
1 4053
2 2662
2 8672
2 998
2 8994
2 2631
2 3386
2 4639
1 5850
2 637
1 6061
1 8065
2 1502
2 9669
1 5099
2 5963
2 1838
2 1892
1 9299
2 646
2 5401
2 9315
1 8168
1 4077
1 7839
2 6712
1 7162
1 3153
2 7812
1 6766
1 4412
2 1537
2 2915
2 594
2 6470
2 6730
2 8801
2 6508
1 6906
2 5402
2 3269
1 8707
2 4125
2 6191
1 6817
2 9444
1 7054
1 4648
1 7505
2 3423
2 2379
2 4667
2 3095
1 8332
2 3114
1 4869
2 2350
1 5015
1 5400
2 7238
2 2049
2 1964
2 6637
1 8363
2 8121
2 1382
2 2097
2 1058
1 8947
2 3938
2 5738
1 5677
1 3375
2 3551
2 4240
2 9021
2 4414
1 4086
2 175
1 5192
2 3342
2 6372
1 7705
1 5087
1 8304
2 2500
1 5222
2 2606
2 5407
2 4090
2 5348
1 9604
2 7380
1 4821
1 2864
2 2383
1 8301
2 7493
1 6841
2 1807
1 7633
1 9171
1 7274
2 6173
1 3505
2 1613
2 1482
2 8130
2 5679
2 3494
2 8896
2 5654
2 2568
1 8672
2 4440
1 6907
2 7703
2 2705
1 7101
2 4551
2 8228
1 8346
1 3569
1 6932
1 7209
1 5431
1 7715
1 5854
1 3783
2 4339
2 1158
2 5070
1 3423
1 6181
2 6741
2 4589
1 7509
2 3879
2 2424
2 2842
1 6351
2 2546
2 8334
1 4858
1 7769
1 3967
1 9992
2 4803
2 4923
1 8380
2 3939
2 4486
2 3849
1 6332
1 3283
2 3297
1 8507
2 940
2 9057
1 8795
2 9799
2 7264
2 4883
2 3248
1 2687
2 4565
1 6609
2 6739
2 5926
1 5083
1 2120
1 3442
2 1715
2 5435
1 4179
2 8529
2 3509
2 5972
2 1768
1 6525
2 7181
2 7010
1 9350
1 9565
1 7972
2 754
1 5563
1 7010
2 4739
1 8765
1 3791
2 1810
2 5753
2 393
2 6091
1 7050
2 7475
1 9422
2 4269
2 4017
1 2143
1 8105
2 6315
1 7264
1 9969
2 1574
1 6344
1 6948
2 1958
2 8036
2 3243
1 6960
1 2290
1 8861
1 2649
2 2433
2 907
1 6554
2 7505
2 2347
1 9691
1 6956
2 697
1 9091
1 9494
1 7490
2 6116
1 9660
2 4927
1 8120
2 2967
1 9668
1 3566
2 928
1 9164
2 5628
1 5663
1 6781
1 9475
1 5600
1 2986
1 8970
2 6623
2 3955
2 9338
2 3393
2 5781
2 9571
1 5666
1 7855
2 744
1 6090
1 9646
2 4779
1 8111
1 5770
1 6135
2 8998
2 1809
2 2102
2 6345
2 4395
1 8595
2 3792
2 7569
2 676
1 9936
2 680
2 3311
2 1378
1 6707
2 6151
2 5317
2 8590
1 3370
1 2199
1 6448
2 5596
1 8877
1 9284
2 1570
2 6826
1 8037
1 8826
2 8154
1 5919
2 6444
2 6121
2 1202
2 6511
2 7321
1 8618
1 5177
1 8486
1 7815
1 5405
2 7520
1 9403
2 288
1 5982
2 2063
2 2945
1 4681
2 147
1 2782
1 6073
1 8640
1 8201
1 4614
1 2406
1 8561
2 6738
2 3369
1 4751
2 9540
1 3353
1 4910
2 8207
1 5887
2 9791
2 4866
2 483
1 4065
1 6450
1 8206
2 5404
1 8209
2 4196
1 2879
1 5925
1 9798
2 3789
2 875
1 4519
2 1497
2 2712
1 7912
1 5747
1 2867
1 2455
2 2597
2 1732
2 4054
2 7281
1 3326
2 9080
1 3200
2 9686
1 8579
1 8031
1 5481
2 8136
1 5791
2 236
1 3218
2 3496
2 2014
2 4787
1 5743
2 2237
2 9903
1 4094
1 5881
2 2908
2 2956
1 5813
2 7775
2 7791
1 4939
1 5386
1 5002
2 4959
2 8760
1 2957
1 8912
1 3887
2 3434
1 4630
1 5411
2 3459
1 3940
2 7951
2 5558
1 8121
1 7519
1 8744
2 3800
1 4635
2 3786
1 2836
1 4991
2 1163
2 4833
1 6920
2 7723
1 4233
1 2151
1 4423
1 9900
2 9874
2 5242
2 7410
1 4606
2 3257
2 7494
2 1501
1 3006
2 5782
2 1460
2 1981
2 3343
1 9822
2 6437
1 9400
1 8014
1 4831
1 3512
2 6327
1 4794
2 7249
2 6696
2 9765
1 2028
2 2927
1 8019
1 9713
2 1050
1 9585
1 9017
2 7066
1 9631
1 9463
2 6800
2 8714
2 9228
1 9543
2 4606
1 8440
2 1042
2 5824
1 3224
2 4885
2 1028
2 2216
1 2446
2 8102
2 26
1 5808
1 9022
1 7764
1 6412
1 7067
2 572
2 6500
1 9652
2 3756
1 2161
2 3153
2 190
2 3549
1 3381
2 8958
2 9383
2 2017
2 1313
1 6209
2 6709
2 7003
2 3140
1 3518
2 728
1 3138
1 4739
1 2802
2 6670
1 4639
1 3679
1 2220
1 3626
2 2748
1 6423
2 5898
1 9315
2 8927
2 8903
2 178
2 2155
1 9372
2 3975
2 1136
2 6976
1 2765
2 2133
1 5604
1 7661
2 4424
2 1193
2 4462
1 4175
2 2077
1 8892
1 9053
2 1217
1 7740
2 180
1 3264
1 7582
1 2886
1 8943
2 1272
1 5974
1 9516
2 2394
2 8963
2 4962
1 2756
1 7412
2 4132
2 4298
2 9787
1 6514
2 9474
1 5807
1 6081
1 4214
1 5581
1 8267
2 5754
1 3163
1 7851
2 8304
1 9014
2 2904
1 3864
2 9438
1 8138
2 5987
1 7550
1 4092
2 8147
2 3572
2 4647
1 4531
2 3394
2 8626
2 3809
1 2200
2 1573
2 7977
2 1529
2 7471
2 4311
1 9964
1 6253
1 2620
2 6375
1 2875
2 1151
1 9493
1 6923
1 8062
1 4918
1 2637
2 6395
1 4075
1 4570
1 5947
2 598
2 6236
1 6881
2 1703
2 2229
2 1121
2 4849
1 5787
2 3884
2 4870
2 1134
1 6970
2 2103
2 2346
1 7506
2 2422
1 8281
2 5092
2 9079
1 8749
2 7816
1 2428
1 6913
2 1783
1 2922
1 6570
2 5261
1 9787
1 5439
1 8239
2 4940
2 5668
1 2027
2 6358
2 952
1 9915
2 9342
1 6553
1 4686
1 8194
1 3772
2 3940
1 2040
1 7284
2 3647
2 2317
1 8611
1 7528
1 7308
2 6415
2 8070
1 9723
1 8481
2 6798
1 3465
1 3105
1 5238
2 5363
2 2412
1 9190
2 6431
2 1182
1 6713
2 3228
2 4627
1 6133
2 6575
2 6512
2 2962
2 6361
1 8236
2 5931
2 1365
2 5907
2 1328
2 791
2 6422
2 3896
2 3754
1 3960
1 8696
1 2052
1 5509
1 4976
1 6893
2 4253
1 6094
2 7231
2 2393
1 4668
2 4932
1 2684
1 4344
2 5860
1 6348
1 9724
2 6579
1 7990
2 2768
1 4427
1 5918
2 4696
1 7747
1 5598
1 4995
1 4767
2 1533
1 9401
1 8793
1 3114
2 4376
2 6957
2 4908
2 1077
1 2399
1 6063
2 552
1 2305
2 6938
2 8798
1 2832
2 3107
2 8702
2 1795
1 9781
2 7621
1 9213
1 7346
1 9712
2 828
2 9267
2 2116
2 4868
1 6330
1 6634
2 5915
1 3312
2 9481
1 2757
2 96
2 2401
2 4351
2 6965
1 2746
1 3885
1 4405
1 3785
2 5248
1 4310
1 6316
1 8937
1 5463
1 7214
2 7787
2 5223
2 3935
2 3382
2 6941
2 7683
2 821
1 5954
2 5183
1 3043
2 8924
2 2573
1 8041
2 4173
1 9183
2 5515
2 5205
2 3796
2 6354
2 3301
1 2708
2 838
1 4260
1 2531
2 2656
1 6231
1 4334
1 2260
1 3954
2 9276
1 8939
2 9265
1 2629
1 3880
1 7250
2 3617
1 5219
1 6540
1 6761
1 4021
2 5058
2 164
1 5483
2 3949
2 3328
1 5862
1 9094
1 8878
1 9237
2 5056
1 3720
2 5485
1 8434
1 5729
2 9311
1 5204
1 2168
2 1268
1 5833
2 4280
1 2184
2 4734
2 5257
1 2385
1 4311
1 7773
1 5986
1 9362
2 1379
2 7710
1 7166
2 4493
2 9059
2 7344
1 5256
1 5237
1 7433
1 4645
1 4079
2 7057
1 4657
2 7148
2 9954
2 123
2 385
2 9015
2 5884
2 9601
2 4113
2 9154
2 7734
1 3185
2 6843
1 6549
2 4520
1 5045
2 7250
1 2501
1 2147
2 4771
1 2679
1 9710
1 9883
1 4246
1 9347
1 4772
2 9637
1 2129
1 2638
2 727
1 3914
2 7560
2 857
1 7807
2 6601
2 5807
2 8189
2 3060
1 3553
1 2257
1 2717
2 7178
2 109
2 6630
2 9858
2 6529
2 5323
2 2335
1 2813
2 231
2 7320
1 9870
1 6806
2 1846
2 8632
2 5911
1 7482
2 4980
1 3155
1 6719
2 1083
2 7615
1 8283
2 9160
2 4183
1 4036
1 6508
2 9204
2 2540
2 2922
1 8373
2 6239
2 7071
1 5104
2 3006
2 8600
1 3776
2 3888
1 8990
1 8256
2 1861
1 4484
1 7425
1 8388
2 2878
2 9053
1 8299
1 4743
1 7187
2 975
2 6178
1 4020
2 1583
2 7663
2 4831
2 6110
2 997
1 6320
2 1019
2 6814
2 1071
2 4946
2 5840
1 7259
2 8983
1 8170
2 3936
1 5235
2 635
1 3823
1 3040
1 8471
2 281
1 8248
1 6252
1 4704
1 4139
1 9937
2 5986
2 7693
1 2623
1 7603
1 9567
2 5186
2 5187
2 6567
1 3463
1 3970
2 2130
1 2804
1 8050
1 2574
2 8666
2 9134
1 7666
1 2481
2 8641
2 2453
1 4211
2 7392
2 995
2 2884
2 3217
2 5509
2 1973
2 9429
2 9349
2 1032
2 418
2 9543
2 6815
1 3597
1 9929
2 8525
1 2294
1 6710
2 6753
2 7910
2 510
2 789
1 5213
1 8673
1 8913
2 1718
1 4833
2 3667
2 8775
1 8406
2 1990
1 2438
1 9695
2 2444
2 9544
2 4078
2 9585
1 2833
1 6871
2 4920
2 790
1 8977
2 2853
1 3843
1 9218
1 9943
1 6082
1 9161
1 3434
2 3073
2 2260
1 7638
2 392
2 327
2 9231
2 2095
2 3131
1 7062
2 3400
2 6164
2 6048
2 7864
1 5900
2 5018
2 500
1 8593
2 9163
2 4709
1 7305
2 5459
1 2729
2 8343
1 9967
2 5405
1 2203
2 8678
2 4012
1 9098
1 8664
1 8122
2 4969
2 5258
1 6067
2 3497
2 3977
1 8261
1 3640
2 3300
2 8787
2 9857
1 4186
2 2028
2 3480
1 5619
1 3203
2 2844
2 1671
2 5410
1 4324
2 7239
2 5817
1 8085
1 5403
1 6078
2 5646
2 9329
2 5101
1 3894
2 3855
1 5658
1 9988
2 8167
1 2758
2 4798
2 4757
1 9783
1 8443
2 6928
2 6998
2 9904
2 7132
1 6628
1 5711
1 6876
1 5651
2 2278
2 4550
1 8053
2 7142
1 6200
1 5972
2 6241
1 5798
2 6399
2 4172
2 8104
2 8991
1 3584
2 9999
1 3770
1 5686
1 8583
2 7579
2 6725
1 5665
1 7100
2 2895
1 2908
1 8371
2 5236
1 2064
2 1368
1 5638
2 3880
2 459
1 3891
1 3983
2 3098
2 9063
1 3637
1 6227
2 5207
2 4934
1 2720
1 4972
2 8742
2 3347
1 7615
1 3419
2 2850
1 5829
1 9311
2 7015
2 9491
1 2572
2 8825
1 2008
1 6869
2 5523
2 2362
2 8273
2 5641
1 6821
2 656
1 5546
1 9772
1 4646
1 7137
2 5914
1 7802
2 365
2 1664
2 2943
2 614
2 1702
1 9908
2 4759
1 3416
2 1745
2 7665
1 6301
2 4521
1 9638
1 7788
1 4650
2 7638
2 51
1 5007
2 3908
2 4857
1 3743
2 2111
2 3954
1 2977
1 3522
1 2601
2 6332
1 7893
2 8494
1 5194
1 4135
1 8442
1 7558
1 6768
1 3744
1 9982
1 7870
2 2824
1 2945
2 4034
1 9151
1 5198
2 3391
2 2667
2 1260
1 5776
2 6330
2 5071
2 340
2 1010
2 6613
1 7129
2 6550
1 2496
1 7656
2 8866
1 2516
2 6162
1 4062
1 2733
1 7897
1 4736
2 5761
2 6689
1 5909
2 2360
2 7567
1 6203
1 4388
2 7685
2 7167
1 3339
2 3450
2 1991
1 3342
1 3497
1 3516
2 3256
1 9976
2 4317
2 649
1 7178
1 9451
2 5383
1 2619
2 9887
1 5124
2 3160
1 7309
1 2584
2 2900
1 3871
1 3265
1 3094
2 1195
2 8652
2 1551
2 4371
2 5342
2 4367
1 6345
2 4973
2 8276
2 4605
2 93
2 8073
1 9289
1 7150
1 7853
2 4812
2 1744
2 732
2 3846
2 4316
2 1544
1 8961
1 3246
1 7808
1 2107
2 6502
1 9847
1 9956
1 3513
1 2583
2 444
2 9922
1 7384
1 5448
2 1949
2 4074
1 7122
2 4838
2 9744
2 8345
1 4285
1 3018
1 2429
1 5547
1 5588
1 5125
1 5709
2 6179
2 2981
1 3493
1 4399
2 6649
1 6210
1 5806
2 6874
2 6750
1 8463
1 4887
2 3784
1 2202
2 1427
2 9018
2 2176
1 9007
2 185
2 579
1 5145
2 7941
2 540
1 3994
1 6629
2 3188
1 5969
2 8153
2 9896
2 3701
1 9021
1 2418
2 4247
1 7670
1 8436
1 2312
2 3282
2 6186
2 272
1 7937
1 3876
1 4446
1 5348
1 4032
2 5454
1 7939
1 4523
1 5189
1 8126
2 2811
2 5517
1 7993
1 2049
1 6430
2 3576
1 4911
2 3554
2 3392
1 9751
1 4879
2 6414
2 1183
1 9931
2 1309
2 9405
2 8979
2 577
2 2775
1 7467
1 4968
2 9404
2 6412
1 3263
1 8697
2 2762
2 7466
2 282
2 813
2 8200
1 7211
2 1966
1 2591
2 6250
1 7442
2 5620
2 384
2 5309
1 3905
2 1792
1 5031
2 6033
1 8200
2 4083
2 9602
1 3570
1 6414
2 2876
2 5267
2 9142
1 6463
2 1805
1 4275
2 7515
2 3454
1 4203
2 5333
2 5438
1 9605
2 6056
2 3636
1 3489
2 366
2 2673
2 5357
2 2807
2 8128
2 5750
1 9185
1 5615
2 5034
1 6571
1 2263
1 7843
2 1221
2 7295
1 2308
2 5604
1 4680
2 8804
2 3841
2 9828
1 7610
1 6098
1 7086
2 8636
1 8351
1 7547
1 3827
1 6498
1 4834
2 5783
2 8199
2 3782
2 7690
1 8950
2 685
1 3668
2 8201
1 7123
1 7092
1 8319
2 2416
1 2626
1 2580
2 7326
2 3668
1 8176
2 5876
2 4249
1 3583
2 7421
2 2637
2 3293
1 7737
2 1826
1 7017
2 2494
2 3584
2 8717
1 4350
1 9477
1 9010
1 3546
2 6523
2 5113
2 8637
1 5352
1 9273
1 2539
1 7889
1 3589
2 6617
2 8064
2 6562
2 1999
2 2104
1 9637
2 1061
1 2825
2 6325
1 7359
2 181
1 7703
1 6577
2 5153
2 6106
2 3672
2 4540
2 4463
2 3960
2 7673
2 6841
2 1044
2 1931
1 6617
2 5188
2 433
2 1373
2 4198
2 3517
1 8904
2 4220
2 5560
1 8769
1 2132
2 8967
2 7719
1 3703
1 7837
2 5766
1 2493
2 3564
1 3694
2 5609
2 9044
2 3164
2 3353
1 4542
2 9927
2 430
2 6040
2 903
2 5114
1 7481
2 4426
2 6277
2 6505
1 2172
1 7004
2 5198
2 8823
1 3076
1 9276
2 7858
2 2143
2 4496
1 4218
2 895
1 5565
2 5287
2 7729
1 6773
2 6458
1 7731
2 6093
1 2461
2 9269
2 2411
1 3323
2 4790
1 2530
2 8863
1 5548
2 1986
2 2300
2 5015
2 5088
2 8511
2 508
2 5662
2 4950
2 4582
1 3529
2 95
2 2390
2 969
2 9552
1 8057
1 6373
2 3088
1 3729
2 1749
1 9166
2 5347
2 2117
2 172
1 8305
2 1948
1 4861
1 7770
2 5106
1 2940
2 6432
2 241
2 2267
2 5061
1 3813
2 6932
1 9499
1 8944
2 5146
1 2019
1 9948
1 3116
1 6232
1 3939
2 7351
2 88
1 2969
1 3268
2 5925
1 8467
2 4796
2 3891
1 5514
2 9621
2 3970
2 4231
2 5329
2 9068
2 1682
1 6985
2 9626
1 6350
2 4446
1 6102
2 3732
2 486
2 3589
1 4351
1 9359
1 4640
2 34
2 7894
2 7031
1 7023
2 218
2 6788
1 6747
2 5588
1 2086
2 2561
2 8126
2 4320
2 387
2 8598
2 2287
2 8039
1 9640
1 2328
2 6462
1 3001
2 1547
2 4735
2 7813
2 5434
2 4170
1 9857
2 4754
2 2333
1 9444
1 6216
1 5714
2 5328
1 3193
2 214
2 6284
1 6328
2 642
1 8241
2 4998
2 973
2 7177
2 5331
2 4071
2 8035
1 4097
2 1650
1 9544
1 3244
2 3778
1 7418
1 4643
1 6892
2 503
2 9085
2 8711
2 4648
1 8290
2 4219
2 6433
2 3167
2 9786
2 8395
1 8050
1 3475
1 9064
2 1684
1 6341
1 9848
2 682
2 2348
1 4146
2 3604
1 6574
2 2469
1 4705
2 2758
1 9731
1 2701
2 5580
2 3814
1 2271
1 8003
1 5928
1 6153
2 382
1 3390
1 3577
1 5168
1 9115
1 8428
2 6679
2 1607
2 684
1 4566
2 4036
1 9258
1 9096
1 3623
1 4239
2 7762
2 6661
1 4735
1 2722
2 4957
1 5464
1 6500
1 7636
2 9017
2 6903
1 4240
2 2909
2 8870
2 6122
1 6000
2 1512
2 7385
2 8261
2 9211
2 6913
2 7419
1 3909
2 83
2 9630
2 3721
2 7724
1 8229
2 8584
2 4988
1 2320
2 1988
2 9695
2 9434
2 963
2 1596
2 1541
1 2645
1 6239
2 6886
2 1222
2 3519
2 5251
1 9540
1 4813
2 8552
1 4228
2 4720
2 2365
2 4142
2 9446
1 4845
1 5562
2 954
2 3190
2 8223
1 6212
2 6242
2 2282
2 5615
2 2296
2 6720
1 5339
1 6050
1 4660
1 5151
2 5378
2 8086
2 7855
1 9855
2 807
2 4717
2 5717
1 7268
2 6898
2 4448
2 2750
1 6120
1 6206
2 5651
2 1321
1 9335
1 9296
2 4365
1 9305
2 3836
2 1344
2 5727
2 4151
2 9212
1 2392
2 249
2 466
2 6028
2 3725
2 4135
2 213
1 5521
1 9571
1 7493
2 8066
1 7876
1 3453
1 2218
1 8372
1 2541
2 7575
2 4171
2 6929
2 7545
1 3833
2 6209
2 9506
2 6906
2 5491
2 2071
2 7046
1 7191
2 5326
1 9924
1 6468
1 3735
2 7397
1 2905
2 6547
2 7627
1 8474
1 6489
2 4997
2 3611
2 6758
1 5033
2 1636
2 5821
1 4185
2 4272
1 6927
2 2295
2 5506
1 8457
1 2081
2 6257
2 829
1 5958
1 7494
2 7926
1 3252
2 7991
1 3309
2 3113
1 9274
1 3184
2 6228
2 6806
1 8847
1 8515
2 659
2 5349
1 9386
2 2324
1 8250
1 2920
2 9748
2 604
2 2035
2 1129
2 9322
1 6455
1 8714
1 5754
1 5344
2 2150
1 2136
2 866
2 4310
2 9631
1 6453
2 7770
2 145
2 1080
2 837
2 3016
1 2486
2 9316
1 4399
2 9219
1 3814
2 5189
2 8575
2 3442
1 6383
1 7332
2 3104
2 4041
2 6483
1 9106
2 1156
2 1403
1 7643
1 3616
2 4412
2 8859
2 5984
1 8570
2 7908
1 6169
2 8864
1 9609
2 9453
2 3183
1 9919
1 3722
2 2914
2 230
1 8963
2 8553
1 2125
2 6566
1 4012
1 9965
2 571
1 2067
2 1185
1 5467
2 9671
1 8956
2 6639
2 3201
1 5425
2 7113
1 6193
1 9126
2 6765
2 6875
2 6297
2 2737
1 2731
1 4725
2 4510
2 4536
1 3151
1 2411
2 9952
2 1527
2 2640
1 5680
2 3697
1 7874
2 3128
2 3607
2 6895
2 9318
1 5323
1 4647
1 7219
1 9722
2 774
2 9648
1 8627
2 3308
1 8190
2 3685
1 2913
2 4632
1 9518
1 7040
2 8241
1 2340
2 3717
1 9233
1 4883
2 559
1 3641
2 5086
1 5278
1 9583
1 3965
2 3582
1 4455
1 3020
2 8547
2 4837
1 9062
2 3860
1 8424
1 6875
2 3117
1 2422
2 8137
2 2262
2 1714
2 5157
2 3042
1 6408
2 9250
1 8276
2 841
1 7163
2 6963
1 9987
2 775
1 3588
2 5728
1 7511
1 7124
1 9898
1 5886
1 2885
2 1910
1 2435
1 7080
2 9920
1 3285
1 3056
1 2277
1 7306
2 2743
1 3179
2 6850
2 6310
2 3310
1 6915
2 7645
2 8365
1 7466
2 3443
2 1176
1 6296
1 4632
1 4661
1 8543
1 3062
2 7315
2 2744
1 2291
2 6956
1 7622
2 3585
2 2138
2 3898
2 4543
2 4337
2 6631
1 9487
1 8466
2 68
1 3582
1 9548
2 925
1 2923
1 6111
1 6729
1 2665
2 3881
1 5540
1 9756
2 3149
1 2204
1 8079
2 4386
1 5088
2 4986
1 9112
2 4096
2 7967
2 1937
2 7140
1 2846
1 7835
1 5095
2 1337
2 6810
2 4274
2 7785
2 7403
1 4028
2 592
2 6585
1 7462
1 7992
2 4358
2 8478
2 8419
2 2730
1 5882
1 2339
2 6862
2 2630
2 4416
1 5520
2 8855
1 6521
1 3328
2 3123
1 3254
1 3199
1 5025
2 4020
2 7042
1 5903
2 6027
2 6073
1 7168
2 6160
1 4984
2 8391
1 6168
1 7298
2 9344
1 7803
2 9496
2 3783
1 2216
2 19
2 7095
1 7942
2 4943
2 6018
2 9111
1 7440
1 3957
1 2078
1 9762
1 6694
2 2109
1 5771
1 4886
2 2090
1 3515
1 8488
1 6435
1 2274
2 5131
1 2499
2 871
2 1517
1 5693
2 5812
2 5555
1 6278
1 2775
2 8442
1 8972
2 8519
1 5818
2 7582
1 2201
1 2318
2 3798
1 3403
2 729
1 5231
2 2817
2 4542
1 3417
2 8352
1 5374
2 5992
1 4951
1 3658
1 3073
1 2878
2 6969
2 3764
2 9007
2 978
2 9227
2 9574
2 234
2 2239
2 9541
2 6457
1 6831
2 20
2 5411
1 3705
2 1635
2 3010
2 9967
2 1149
2 5361
2 631
1 7734
1 5889
1 9500
2 6590
2 3623
1 9267
2 1862
2 2719
2 8893
2 6465
2 9993
2 7276
1 9425
2 349
2 2534
1 8691
2 3923
1 6290
1 3166
2 6002
2 3772
1 3100
1 8813
2 9889
1 3656
1 8773
2 6249
2 8976
1 8269
2 1662
2 1276
1 4603
1 3663
2 5290
1 4003
1 3952
1 7116
1 4978
2 4593
1 3587
2 8081
1 8756
2 6451
2 9657
1 5593
2 378
1 2345
2 4053
1 2820
2 8350
1 5332
2 6840
1 8801
2 1318
2 6060
1 9443
2 1922
2 416
1 6579
1 3681
2 5660
2 5989
1 3706
1 6619
1 3267
2 6837
1 4586
1 6137
1 8524
1 3204
2 7457
1 7279
1 6888
2 3787
2 3545
2 7808
1 3665
1 7594
2 279
1 4864
1 8368
1 4999
2 6684
1 7518
2 7889
1 4115
1 9070
1 3401
2 9785
2 4856
1 9933
2 8240
2 1939
1 4048
2 6807
2 8462
2 9272
2 4193
1 3392
1 7134
1 9558
2 7942
1 8590
1 2323
1 5582
1 6481
1 5971
1 7160
2 4939
1 5382
2 4563
2 2906
1 9546
2 5437
1 6649
2 2715
2 1301
2 5115
1 7185
2 1130
2 7842
2 3656
2 9056
1 2998
1 4511
1 3528
1 7898
2 8245
1 7742
2 254
2 3637
1 9782
2 4617
1 9873
2 9072
1 4742
1 3999
2 9559
2 6972
2 9240
1 8824
2 1092
2 7849
2 5125
2 6990
2 5881
2 8082
2 929
1 4524
1 3912
2 5815
1 7235
1 7966
2 460
2 3176
2 9328
2 1563
2 1530
1 6938
1 3397
1 5155
2 2505
1 8763
1 6146
2 7266
2 9743
2 1797
2 2135
1 7312
1 2618
2 3218
1 9381
2 3246
1 4301
2 7660
2 6473
2 7784
2 1341
1 5328
1 8613
2 4697
2 8620
2 2161
1 8374
1 3728
2 7629
1 2100
1 5236
2 573
2 4333
1 2605
2 7121
2 7998
1 9365
2 6594
2 8335
2 621
1 5167
2 9173
2 3411
1 6202
2 4340
2 5541
1 5661
1 2868
2 1475
2 4914
1 9639
2 1616
1 6763
2 3093
1 9732
1 6972
2 2892
2 7648
1 9298
2 8871
2 3740
2 5044
1 2092
2 1325
1 8169
2 6530
1 7543
2 1491
1 6188
1 6136
2 4945
1 8603
2 1109
2 664
2 1289
2 8190
2 974
1 9918
2 2680
2 6866
2 6627
1 8419
2 6698
2 6746
1 8879
2 9803
2 9566
1 4969
1 5939
2 6633
2 4774
2 4970
2 6735
2 9514
1 5649
1 2906
2 9822
2 3255
1 6692
2 7337
2 6870
2 9179
2 7207
2 2833
2 5209
2 3106
2 4809
2 8524
2 8807
1 7579
2 151
2 6416
2 4681
2 1215
2 581
2 1400
2 7091
2 2321
1 9719
2 358
2 4506
2 9808
2 4531
1 8957
1 6192
2 8434
1 2806
2 2445
2 6461
2 3333
1 9395
1 2928
1 6962
1 4847
2 5674
1 6108
2 9182
2 5206
1 3178
2 8643
1 2097
1 2307
1 3319
2 435
2 2313
1 4758
2 3028
1 8652
2 8915
2 6318
1 2651
1 6392
1 8310
1 5140
2 1602
2 7680
2 4816
2 6987
2 4332
2 7255
2 7986
1 3594
2 3296
2 4228
2 3137
2 8957
1 5283
2 1804
1 9109
2 3445
1 4342
1 3398
2 5545
2 1578
1 2635
1 7141
1 9470
1 6989
2 5702
2 9680
1 4761
2 1880
1 7503
1 3337
2 4703
2 5899
1 3164
1 5869
2 7853
2 144
2 1478
2 7618
1 9961
1 9446
2 7794
1 7600
2 9937
1 6125
2 3514
2 7892
2 6974
2 9369
1 8412
2 6334
1 5777
2 2778
2 8100
1 9803
2 7019
2 7644
2 452
2 7996
2 4977
2 7537
2 4068
2 977
1 9128
2 7260
2 555
2 6
1 8708
1 7420
1 9123
1 7674
2 9012
2 3518
2 9365
2 778
1 4746
2 7592
1 6955
2 704
2 208
1 3877
1 5750
2 1269
2 7722
2 5939
2 5324
1 3766
1 7657
2 6367
1 3447
2 6419
2 5520
1 9337
2 1434
1 9533
1 8386
2 6733
2 3263
2 515
1 3519
1 8487
1 6405
1 5291
1 8289
1 9322
2 7048
2 970
1 6757
1 6870
2 3472
2 2167
2 514
1 2076
2 8262
1 9681
2 1278
1 6547
2 2209
1 5028
1 4712
1 3277
1 5402
1 6957
2 1750
1 6425
2 8238
2 665
1 5178
2 1404
1 9747
2 3151
2 563
1 6356
2 7458
1 8544
2 8935
2 9139
2 7811
2 722
1 8074
2 43
2 4710
2 8514
2 9366
1 6030
2 4718
2 2665
1 2676
2 4396
1 3986
1 9216
2 5739
1 4947
2 289
1 7581
1 3198
2 8063
1 3007
1 8234
2 9769
2 3669
2 2236
2 1370
2 2611
2 2849
2 2234
1 9853
2 6291
1 6969
1 7860
1 3736
2 7359
2 7439
2 7422
2 3324
2 8404
2 6038
1 2350
2 4419
2 3144
1 7165
1 7522
2 5995
1 5821
1 7411
1 5945
2 9376
1 8134
1 7495
2 6206
2 9721
1 7795
2 7254
1 7232
1 3102
1 7473
2 7484
2 1418
2 1117
2 3475
2 2073
1 3021
2 1923
2 297
1 2545
2 5429
2 9490
2 6647
2 8444
2 216
2 6022
1 6413
1 7404
2 457
2 5940
2 2585
1 9214
2 9104
1 8410
1 8842
1 4051
1 5258
1 4594
2 4537
2 1227
1 5012
1 3646
1 7394
1 7108
2 5356
2 9740
1 7464
2 6012
2 8179
2 1634
1 6319
1 5573
1 3634
2 3580
2 6340
1 9779
1 4971
1 6312
2 44
2 2312
2 3621
2 2773
2 5902
2 6556
1 6303
2 2363
1 4309
2 2380
1 4806
1 6533
1 6706
1 3774
2 3165
1 4989
2 2392
1 3984
2 1787
1 5512
1 4567
1 9955
2 4928
1 7281
2 157
2 7154
1 9345
1 8768
1 3113
2 7947
1 7177
2 1322
2 7258
1 5820
2 4087
2 986
2 6621
2 4716
2 4062
2 1248
1 2599
2 2994
1 4796
2 5526
2 7371
1 4117
1 4870
1 2041
1 7042
2 6736
2 4879
2 1249
1 7838
1 9488
1 4406
1 9841
2 7076
1 6258
2 8465
2 1998
1 6614
1 8416
2 5547
1 5281
2 2706
2 4603
1 2286
1 2292
1 8009
2 7865
2 6830
1 2185
2 6176
1 9902
2 4560
1 7220
2 937
1 9802
1 9200
2 5275
2 939
2 439
2 1011
2 317
2 6865
2 7619
2 7312
2 1219
2 5810
2 9428
1 3223
2 6994
2 6517
2 5862
2 6772
1 5579
2 3628
1 6842
1 5022
1 9973
2 9061
2 5222
1 6845
1 7351
2 1074
2 3980
2 3547
2 9655
1 4369
2 7546
1 2573
1 4601
2 4407
2 5954
1 8767
2 2732
2 3189
1 4348
2 6715
1 7652
2 1585
1 3739
1 6096
2 4302
2 9716
2 1798
2 7818
2 9051
1 9124
2 602
1 3213
1 2632
2 2274
2 6901
1 6864
1 7669
1 3639
1 2504
2 6438
1 6702
1 9459
1 5705
2 5139
2 2586
1 4774
1 9763
1 5324
2 4706
2 1484
2 694
1 6060
2 4158
2 8389
1 4361
2 4479
2 4182
2 4001
1 9665
2 8554
2 1925
2 7573
2 2384
1 9250
2 5066
2 1514
1 9246
2 9476
1 3450
1 5788
2 593
2 7038
1 2025
1 2369
2 1927
2 8533
1 7642
1 7844
1 3395
1 7016
2 916
2 2628
2 66
1 6667
1 8848
2 2803
1 4163
2 4698
2 5425
2 776
1 4149
1 3853
2 2794
1 6318
1 9009
2 2698
1 5984
2 8642
1 6775
2 5392
2 8566
2 1361
1 4056
2 1468
2 3535
1 2214
2 3987
2 2931
1 8480
2 1232
2 3785
1 2600
2 2774
1 6677
2 9661
2 3181
2 1298
2 446
1 3829
1 3210
1 5053
2 4188
2 6561
2 1822
2 5819
2 8409
2 1510
1 6052
2 578
2 7564
2 1021
2 1026
1 8284
1 8431
2 5190
1 3504
1 4912
1 4776
2 4213
1 4196
2 3826
2 7203
2 5440
2 7983
2 5314
2 114
1 7439
1 3746
1 8073
1 8090
1 2669
1 7224
1 7663
2 8982
2 8217
1 5962
1 5117
1 2404
1 6174
2 5385
1 5519
1 7975
2 8813
2 1980
1 4801
2 1191
2 600
2 7572
1 4377
1 6839
2 5109
2 7146
2 8076
1 6201
1 4952
2 8744
1 3951
1 8665
1 7944
1 7144
1 4193
1 9356
1 8604
2 3833
1 5384
2 1443
1 3683
1 7673
1 8039
1 9018
1 7745
1 3491
1 8549
2 3491
1 4470
1 5396
2 1078
2 1307
2 8047
1 5449
2 5903
1 8401
1 9051
1 6721
2 2727
2 7552
1 8233
2 562
1 2459
1 2213
1 8667
1 2893
1 3456
1 3787
2 3021
1 2127
1 6442
1 4043
2 1333
2 1539
1 3498
2 3619
2 9653
2 2601
1 7729
1 3551
1 3803
1 9196
1 8809
1 6353
2 7335
1 8838
1 7947
2 1992
1 3019
1 3225
2 3765
1 5742
2 8249
1 3348
1 4231
1 4964
2 4619
2 626
1 5783
1 4901
1 7018
2 321
2 3154
1 6914
2 660
1 8438
1 5837
1 2735
1 5764
2 633
1 8468
2 4890
1 3688
2 6307
2 1094
2 8007
1 8649
2 6111
1 8508
1 6497
1 8018
1 2297
2 3440
2 6849
2 3566
2 5895
1 7287
2 3012
2 3507
2 7462
2 5777
2 5179
1 8565
2 3996
1 7414
2 7279
1 2872
1 4803
2 3214
2 7763
2 1127
2 4081
1 7986
2 4236
2 201
1 5647
1 9003
2 979
1 2495
1 4134
1 4896
2 167
1 2566
2 6706
1 6843
2 2854
2 6667
1 5383
1 8011
1 5867
1 3084
1 3133
2 3775
2 2193
1 6829
2 3242
1 8296
1 3615
1 6723
2 6600
2 7925
2 2400
1 9364
2 7082
1 5899
1 3953
2 3763
2 5958
1 6795
1 4440
1 2091
2 9229
1 9871
2 6067
1 3327
1 8728
2 6362
2 4673
2 7969
1 9684
2 3542
2 4975
2 3679
2 8657
2 6320
1 9045
2 7797
1 4966
1 6077
1 8260
2 8916
1 5024
1 9495
1 9252
2 4587
1 2042
1 8647
2 1492
1 9238
2 9919
1 9828
1 8732
1 5445
2 373
1 6633
1 7885
1 8796
2 4799
2 1728
2 7311
2 5675
2 5617
2 3565
2 4504
1 2458
1 2469
1 9379
1 5603
1 6491
1 5350
2 1391
1 2111
1 6495
2 6882
1 7395
1 9479
2 1135
1 9999
1 8934
1 9697
1 3981
2 5085
1 4277
2 2128
2 6147
1 3088
2 1181
1 4230
1 7366
2 6477
2 4912
2 3937
2 1450
1 2068
2 7541
2 1828
1 5667
1 4629
2 8942
1 9048
1 6357
2 2298
2 9804
2 1704
2 9892
2 2060
1 5933
1 6417
1 2401
1 8692
1 4204
1 4946
1 4958
2 7507
1 6518
2 7862
2 3289
2 1376
1 5865
2 3279
1 5252
1 6229
1 4613
2 3286
1 7253
2 9995
1 2174
1 9775
2 1101
1 7008
2 8750
1 6961
2 9116
1 9424
2 9479
1 8361
1 3308
1 3470
2 3560
1 9998
1 5681
2 1618
1 3996
1 5451
2 8776
2 7018
1 2727
2 4276
2 2291
2 4076
1 6531
2 1642
2 743
2 3696
2 4121
1 5118
1 7174
2 9854
1 2925
2 2195
1 5920
2 8368
2 8191
1 7153
1 9262
2 1046
2 9981
1 7626
1 3689
1 9492
1 7159
1 4721
1 5696
2 1081
2 3773
2 9167
1 2225
1 4787
1 3966
1 5157
2 296
1 7345
2 287
2 4766
2 4281
2 3817
1 6597
2 2976
1 8669
2 7594
2 4399
2 2305
2 4255
2 6958
2 7731
2 7613
1 4236
2 4691
1 8870
2 5014
2 9020
1 8530
1 5399
2 4338
1 8982
1 3037
1 9590
1 5172
1 5475
1 2544
1 8070
2 9430
2 6642
1 8514
1 8208
2 4996
1 7599
1 6954
1 6816
1 5211
2 4359
1 2709
2 1031
2 4250
2 5533
2 8790
2 8466
1 2697
2 9177
2 9618
2 3099
1 9264
2 645
2 4110
1 5765
2 8106
1 7286
2 5175
1 8687
2 7124
1 5018
2 1614
2 6796
1 2476
1 2899
1 9737
1 5226
2 3876
2 6198
1 2467
1 4172
2 5769
1 6834
1 7598
1 3009
2 2869
1 6926
1 7778
1 7373
1 6223
1 4245
1 4460
1 7601
1 2090
1 6676
1 8264
2 7588
2 4380
2 3058
1 3160
2 5582
1 6361
2 1849
1 3771
2 8656
1 6918
1 2157
2 8331
2 9958
1 9245
2 8045
1 2857
2 6933
1 7222
2 293
1 8880
1 6449
1 7607
1 5132
2 2780
2 8414
2 7525
2 9133
2 4059
2 2754
2 961
2 3383
2 3892
1 4595
1 9748
2 4482
2 3692
1 4044
1 3082
1 8857
2 6120
2 3866
2 6469
2 8658
1 8266
2 1329
2 5199
1 9482
2 921
2 1934
1 2452
2 1638
1 5710
2 4475
2 3091
1 8444
2 1449
2 3200
2 4050
2 1487
2 2476
2 6034
2 4953
2 1014
2 2207
2 5000
2 5512
2 5982
2 7593
1 5494
2 2003
2 22
2 9198
2 7143
2 9767
2 7213
2 976
2 3138
2 6391
1 5625
1 9160
2 4324
1 4979
1 7453
2 6117
1 8426
1 7097
1 6022
2 5518
1 9076
1 2658
2 9729
1 3052
2 2731
2 1721
2 2709
1 9537
1 8666
2 5078
2 3941
1 6659
1 7413
2 7338
2 124
1 5861
2 3766
2 1285
1 7019
2 9084
2 3425
1 6041
1 7946
2 7393
1 9868
1 6254
1 4191
1 5301
2 3673
2 1390
1 3209
1 7320
1 3118
1 5268
1 7456
2 2344
2 5224
1 7730
2 2204
2 1053
1 5351
2 205
1 2208
2 8817
2 2160
1 2801
1 9968
2 1169
2 1247
2 5932
2 4747
2 7026
2 5888
2 4478
1 7706
2 261
1 6084
1 4467
2 914
2 8937
2 9433
1 8555
1 8923
2 69
1 3217
2 4422
1 3051
1 9066
2 3579
1 3430
1 8968
2 8509
1 4893
2 8305
1 7126
1 8962
1 3622
2 2921
2 4707
1 3187
1 9597
2 4383
2 3370
1 5973
2 8487
2 2765
2 8108
2 612
2 4903
2 8943
2 3633
1 7595
1 5242
1 4849
1 3355
2 1601
1 9711
1 9090
1 3715
2 7106
2 6722
1 2087
1 9290
2 874
2 3092
2 4436
1 6010
2 3032
1 2744
1 9429
2 4244
1 7744
1 8047
1 3901
2 3875
2 1303
1 6505
1 9595
1 4558
1 5282
1 3839
2 400
2 7746
2 9863
1 7551
1 3156
1 2912
1 5112
2 5933
2 3714
1 7708
2 7047
1 4819
1 9074
2 6854
2 7119
2 5910
1 4690
1 8535
1 2238
2 4612
2 4131
2 7553
2 8731
2 4476
1 4105
1 8636
2 2619
1 3926
2 8874
2 55
2 5466
2 2089
2 3662
1 8302
2 3942
2 3193
2 5618
1 5105
2 2329
2 502
1 9784
1 8875
2 7283
2 78
2 880
1 9602
2 6861
2 2254
1 3484
2 1921
1 3673
1 5749
1 7968
2 8429
1 8644
1 9324
2 3026
1 3148
2 870
1 4714
2 7007
2 889
2 4176
1 9778
2 9513
1 6737
2 4620
2 2786
2 9327
2 3420
2 7452
1 9687
2 7190
2 6964
2 9649
1 6997
2 8791
1 2021
2 9672
1 7021
1 2186
2 4615
2 582
1 4504
1 2668
1 6953
1 9140
1 6662
2 1587
2 3965
1 6268
1 3874
1 5325
2 2513
2 4327
1 5556
1 5634
1 7958
1 4708
1 2568
1 9471
2 3221
2 1018
2 967
2 5510
1 7907
1 6796
1 8855
1 7020
1 8929
2 3424
1 9759
2 9679
2 6894
2 1651
2 5671
2 1500
1 6385
1 8818
2 4972
1 3266
1 7034
1 4403
1 7379
1 4922
1 8822
1 9184
2 5587
2 712
1 6917
2 7786
2 3760
1 8099
2 5629
2 8458
2 245
1 9358
2 8726
2 6234
2 1073
2 9112
1 7438
2 6023
1 4802
2 7161
2 3453
1 4229
1 2262
1 4583
1 6177
1 6655
1 3514
2 1689
1 2152
1 9966
1 5077
1 7193
2 4105
1 3162
2 1463
1 6440
1 5457
2 8270
2 29
1 9503
1 4830
1 9378
2 3652
1 6851
1 9715
2 484
2 8638
1 9268
2 3660
1 4138
2 4063
2 7448
1 9325
1 8610
2 999
1 9753
1 9240
1 3121
1 5070
1 9310
2 5504
2 313
2 6774
1 9229
2 1330
2 8996
1 4088
2 2415
1 2306
2 834
1 8568
2 5966
2 2225
2 5212
1 8540
1 3192
1 5983
1 9698
1 4130
2 2162
2 4932
2 9433
2 6358
2 3518
1 8011
2 5533
2 4416
1 2406
1 7990
2 7619
2 1365
1 3285
2 9007
2 9265
1 7642
2 6621
2 1714
2 1573
1 8090
1 2286
2 4833
1 5582
1 8057
1 4721
2 4959
2 840
2 3296
1 7220
2 4424
1 5237
2 2097
2 378
2 145
2 435
2 3042
2 4396
1 3403
2 7207
1 9687
1 9961
1 6796
1 8169
2 4113
2 4681
1 7944
1 5405
1 7493
2 1270
1 9299
1 8428
1 9362
2 2394
2 4504
2 712
2 9601
1 5909
2 6712
2 9173
2 3113
2 6667
1 7490
2 8637
1 6320
1 2635
2 9892
2 6906
2 9474
1 8943
2 8104
2 1797
1 2186
2 2842
2 1828
2 1136
2 5899
2 4213
1 4218
1 8009
1 4117
1 8842
2 1616
1 4175
2 3584
2 7154
2 4879
2 1061
1 8260
1 9237
2 7142
1 3428
1 9258
2 1892
1 5033
1 5403
2 9808
1 7191
1 6332
1 2120
2 3732
1 9802
2 571
2 7864
2 3128
1 7594
2 1822
1 2600
2 4720
1 7137
2 4261
1 2238
2 7018
2 34
2 1484
2 3960
2 7004
1 6840
1 8019
1 9605
2 4317
1 7129
2 287
1 8515
2 7015
1 6203
2 8153
1 4735
1 3966
2 3685
2 7546
2 7475
1 5282
1 6491
2 8267
1 7384
1 3082
1 3218
2 6361
2 1849
2 2494
1 4149
2 9631
2 5085
1 9701
2 9999
1 8687
1 9543
1 5661
1 3953
2 6647
2 6465
2 7351
1 9479
2 2167
2 5806
2 694
2 6815
1 7740
1 3833
2 1981
1 9218
1 8444
1 5439
1 4146
1 5754
1 3199
2 1544
1 4531
1 9999
1 6843
2 486
1 7939
1 3121
1 5351
2 3293
2 439
2 3303
1 6707
2 6483
1 2411
1 5494
2 8458
2 6372
2 5402
1 8640
2 838
2 321
2 4340
2 2350
1 6050
1 3162
1 4714
2 8678
1 5709
1 7937
2 500
2 7143
2 6091
1 7050
2 6800
1 2544
2 2017
1 3265
1 7957
2 4001
1 7222
2 4543
2 2945
2 9920
1 9443
2 123
2 5207
2 2155
1 2708
2 452
2 5056
2 2333
1 8264
2 2160
1 8535
2 3936
2 9434
2 3183
1 3263
2 9446
2 5222
1 6932
1 8039
2 249
2 289
2 7785
2 8864
2 7680
2 4059
1 3594
1 7885
1 5045
1 3970
1 3877
1 3102
2 6517
1 7016
1 9646
1 6383
1 3658
2 5275
1 2744
2 4337
1 6350
2 895
2 2109
1 8947
2 4493
2 4716
2 9479
2 7466
1 7418
1 3910
2 6895
1 2804
2 5290
2 3937
1 9400
2 1557
2 5361
1 5291
2 8636
2 1368
1 6972
2 9981
2 7648
1 3983
2 236
2 5915
1 9151
1 3192
1 9495
2 2071
1 5263
2 4542
1 8451
1 8838
2 676
2 8128
1 4028
1 5546
2 2321
1 9759
1 4989
1 9305
1 4802
2 5671
1 3213
2 3656
1 3887
2 3800
2 1156
1 7019
2 4928
1 8466
1 7438
2 813
1 8818
2 5807
1 4834
2 2384
2 8927
2 4696
1 9731
1 7742
1 3829
2 5992
1 4951
2 2312
1 6839
2 3151
2 6928
2 6173
1 9062
2 4787
2 5309
2 66
1 9604
2 7321
1 2328
2 1949
1 8250
1 6193
2 6478
2 1044
2 7812
2 7660
2 4041
2 9057
1 8763
2 9857
1 6442
1 8968
1 6201
2 9661
2 621
1 7134
2 8967
2 6291
1 4991
2 9376
1 5600
1 7440
1 5788
1 8813
2 2287
1 9798
1 6920
1 5889
2 2278
1 2385
2 2225
2 1081
1 8613
2 5902
1 6763
2 6706
2 7344
2 5903
2 4231
1 7312
1 8732
2 4950
1 4979
1 3681
1 2339
1 8488
1 2591
1 3442
2 7746
2 9799
1 4686
2 6038
2 2775
1 6655
2 3880
1 3007
1 4196
1 4984
2 3343
2 446
2 8791
2 7575
1 6554
2 178
2 2077
2 9111
1 7543
1 2068
1 6120
2 4081
1 6821
2 8525
1 5579
1 3743
1 8847
2 9051
1 3051
2 444
2 3888
1 4440
2 4371
1 7843
2 3214
1 4661
2 3494
1 3909
2 7644
1 9064
1 6041
2 4188
1 5252
2 3881
2 1651
1 5764
1 2651
1 2701
2 1514
2 2744
1 6549
1 2052
1 9045
2 3834
2 8916
2 4940
2 6462
1 8371
1 2185
2 6594
2 9229
2 3580
1 2469
2 9327
2 4803
2 1094
2 4438
1 9931
2 6414
2 2705
1 3623
1 8765
1 7092
2 788
2 9695
1 4879
1 6531
1 5219
1 9956
2 1838
1 8120
1 7992
1 2111
1 3901
1 2399
2 6451
2 385
1 4583
2 9240
1 8963
2 7007
2 1768
2 3841
1 6073
1 8877
1 7411
1 2637
2 5860
1 3060
2 6367
2 7281
2 7471
2 4482
2 2727
1 2461
2 6670
2 8331
1 5087
2 5989
1 5352
1 6907
1 6571
1 8471
1 3456
2 3898
2 7132
2 8566
2 1880
1 2504
1 6533
1 4995
1 3774
1 5665
1 5083
1 6917
2 8590
1 2923
2 6239
2 4619
2 7326
1 9548
1 8957
1 8256
2 1861
2 3560
1 9763
1 5396
2 3765
1 9992
2 659
1 2969
1 5213
1 7308
2 5323
1 8673
2 9154
2 1169
1 8419
2 2715
2 6854
1 4524
2 5558
1 8194
2 7894
2 2773
2 8935
1 2320
1 7807
1 3141
2 4639
1 6955
2 4796
1 3001
2 4274
2 3975
2 3832
2 1570
1 8561
2 3300
1 3587
2 961
1 6423
2 3604
1 4833
2 579
2 7719
2 5224
1 7086
1 8209
2 1222
1 8714
1 5791
2 5405
1 4377
1 5483
1 6081
2 2680
2 8672
2 7231
1 2157
1 5556
1 8003
1 3463
2 55
1 8438
1 3434
1 9737
2 2662
1 2928
1 8122
2 7638
2 5728
2 2750
2 6340
1 2872
2 5410
2 201
2 3836
1 6710
2 2811
2 6242
2 2927
1 7108
1 7778
1 4086
1 6137
1 7729
2 5206
2 8943
1 7404
2 2317
2 4298
2 3941
1 4310
1 8879
1 3277
1 8281
1 4570
1 8410
2 3879
1 4794
1 8568
2 4779
1 6153
2 5766
2 8584
1 6030
2 6206
2 3875
1 7042
2 2640
2 1330
2 9952
2 3257
1 7601
1 2658
1 4849
1 6953
2 6709
1 3043
1 4976
2 1077
1 2168
1 5729
2 2234
2 633
1 8284
1 2475
1 2204
1 7947
1 5808
2 1684
2 2876
2 2444
1 2049
2 1437
1 6301
2 970
1 5386
2 6257
2 2003
2 7250
2 190
1 6864
1 3401
2 5187
1 8111
2 9769
1 2945
2 7392
2 4316
2 7594
2 6179
1 8424
1 3052
2 185
2 8575
2 3876
2 2568
2 3189
1 3423
2 3282
2 2586
1 3348
1 7966
2 4383
2 5620
1 2729
2 9513
1 4094
1 3497
2 4798
2 7951
2 7537
1 4708
1 3398
1 6629
2 9405
1 5399
1 2757
1 5117
2 4476
1 7097
1 8310
2 3475
2 1163
1 2008
2 9716
1 6181
2 9585
2 1260
1 6869
1 3244
1 9053
2 2060
2 2176
2 6733
1 8855
2 4849
2 3809
2 4359
2 5175
2 9787
1 6540
2 7038
2 5963
1 6231
2 7003
2 3006
2 907
1 4130
1 9372
1 4830
2 1227
2 2994
2 8082
2 3445
2 8228
1 6254
1 7466
2 4939
2 5815
2 5925
2 5328
1 4746
2 1491
2 1583
1 9284
1 8590
2 2628
1 6914
2 4977
2 3028
2 2360
1 8870
1 3056
2 3871
2 2422
2 1322
1 7652
1 5124
2 254
2 3114
1 3184
2 4083
2 7784
2 6539
1 8801
1 7219
1 6985
1 4020
1 7021
1 6303
1 8570
2 2712
2 3667
1 7674
2 4759
2 5940
2 4269
2 8350
1 2486
1 4240
2 7507
2 5261
1 6361
1 4883
2 1636
2 7335
2 744
2 6850
1 2867
1 4361
1 3084
1 4172
2 3131
1 9395
1 8299
2 6633
1 2977
2 7710
2 3301
2 7397
1 2905
2 3617
1 8793
2 7910
2 272
1 6430
2 218
2 3137
1 7968
1 9098
2 5342
2 457
2 8957
1 8065
1 3327
2 7808
1 2201
1 8583
2 5411
2 7371
2 6753
2 6639
2 1307
1 8481
1 3224
2 929
2 5190
1 3475
2 6765
1 8857
1 7853
1 2463
1 3166
1 6227
1 7185
2 8903
2 5629
2 1390
2 9602
1 4912
1 2132
1 9014
1 5055
1 7453
2 4386
2 3026
1 7769
2 2922
2 6473
1 7178
2 3833
1 3683
2 8600
2 9271
1 6737
2 5600
1 4801
1 9022
2 6774
1 7062
1 3957
1 8524
1 5256
1 4077
1 5194
1 7582
1 6906
2 7213
2 4327
1 3668
2 2540
2 8036
2 8871
2 7177
2 3892
1 6232
1 9290
2 1329
2 3939
1 9902
1 5095
2 1934
1 8700
2 4324
2 9012
2 1745
1 6927
2 754
2 2348
2 5884
1 7264
2 8963
2 4367
2 921
2 8240
1 9748
1 5431
1 6239
1 5411
2 9112
1 9711
2 4121
2 6120
2 1158
2 6882
2 7818
1 3281
2 44
1 4947
2 3855
1 5268
1 8644
1 2467
2 7775
2 9993
1 2172
1 4864
2 4774
2 5739
1 9325
2 7615
1 8401
1 9296
2 9404
1 9311
2 3092
1 5995
1 6206
1 6913
2 8261
1 9565
1 5547
1 2091
1 9695
1 8041
1 5349
1 4309
2 4923
2 7095
2 3160
1 9347
1 4971
2 1681
2 6990
1 7425
2 282
1 2290
2 8199
1 7656
2 9791
2 6987
2 4071
1 5977
1 6067
2 9785
1 4639
1 9335
1 5332
1 4646
1 8168
2 9044
1 2202
2 3554
2 5357
2 9786
2 5999
1 7522
2 1563
2 4170
2 6228
1 3843
1 7004
1 4831
2 4253
1 4186
2 7026
1 7373
2 2102
1 8912
2 9349
1 9732
1 3563
1 5818
1 7018
2 2445
1 7870
1 2665
1 2857
1 7464
2 1635
1 6962
2 313
2 1303
1 5933
2 7515
2 1602
1 5099
1 3582
1 2292
2 1460
2 5212
1 7395
1 6757
1 2499
2 1704
1 6177
2 8801
1 3803
1 3342
2 5454
2 9621
1 3498
2 4244
2 6151
1 5869
1 7211
1 2539
1 8744
2 4899
2 4351
1 8691
1 2775
1 2076
2 685
2 6422
2 9744
2 4799
2 6617
2 7239
1 5845
1 3100
2 9219
1 6521
1 7713
1 7116
2 4183
1 3996
2 418
1 8618
1 9908
1 8261
1 7505
1 3267
1 5705
2 3472
2 5189
2 8776
2 8804
2 8100
1 2684
1 7279
2 234
1 3880
1 7124
2 2900
1 9848
2 5438
2 6122
1 4690
1 4751
1 5865
2 3766
1 4337
2 4620
1 4972
2 1980
2 8126
1 7345
1 9724
1 3954
1 9602
2 1829
1 6253
2 4975
2 9198
2 6637
2 1468
2 5986
1 7558
1 6609
2 3454
2 6547
1 8388
1 7528
1 3663
2 2803
2 9311
1 7518
2 5510
2 3817
1 5619
2 8179
2 2329
1 4630
1 4213
2 2073
1 8037
1 2493
1 6022
2 1925
2 1078
2 3088
2 6830
2 9063
1 2350
2 2850
1 7708
1 8579
1 5242
1 8696
2 3621
2 7703
1 2260
2 2630
2 1427
2 3095
2 5385
2 8859
2 7889
1 7034
1 4115
1 5140
2 7816
2 6523
2 1080
2 6689
1 9066
1 9124
1 4048
2 6865
2 4563
2 8553
1 5451
2 7618
2 1058
1 3395
1 7705
1 8305
2 4420
2 540
1 3999
1 2067
2 3060
1 5563
1 8368
1 9425
1 5325
1 4640
2 6810
2 6631
1 6010
1 5383
2 9453
1 9429
1 8241
1 3148
1 6495
2 4997
1 3193
2 4771
1 5900
1 5615
1 3853
1 6417
1 5281
1 8840
2 4703
2 5115
2 3669
1 8977
1 5231
1 6829
2 5933
2 8915
2 3701
2 3176
1 2418
1 2802
1 7986
2 3619
2 5070
1 2885
1 3984
1 2676
1 7163
2 6178
2 4172
1 7414
2 2833
1 8809
1 9112
1 2746
1 7509
1 8972
1 8950
1 3491
2 1662
1 5806
2 5113
1 6831
1 5983
2 2313
2 1578
1 2199
2 3507
1 7412
1 9126
1 4601
2 6381
2 973
1 6969
1 9668
2 1795
1 9723
1 8773
2 5840
2 4957
1 3791
1 8319
2 468
2 43
2 6886
2 6116
2 9366
1 2318
2 7967
2 5518
2 8817
1 9315
1 8756
2 4448
2 7066
1 2645
1 8361
2 1215
2 4272
1 9847
2 3243
2 4673
1 3355
1 4231
1 2025
2 6741
2 4280
2 4338
2 828
1 7054
2 6566
1 6077
2 4838
2 3187
2 3826
2 9322
1 7730
1 4887
1 3772
2 3535
1 9424
2 5088
2 1450
1 5710
2 447
2 6447
1 4065
2 5333
1 9184
1 6729
1 4285
2 245
1 6514
2 3140
2 9080
1 2495
1 3489
2 1547
2 6027
1 9381
1 3785
1 9857
1 9571
2 9671
2 2748
1 4910
1 7274
1 8652
1 6961
2 914
2 3647
1 2541
1 5350
2 1014
2 5895
2 6792
2 1382
1 2452
2 9571
2 2207
2 8807
1 9190
2 3138
2 3772
2 2585
1 5177
1 5598
1 2218
1 7820
1 4342
1 9140
2 2601
1 9196
1 6414
1 4179
1 3339
2 1964
1 8627
1 4594
1 6721
1 5211
2 9958
2 7724
1 5919
2 8549
1 7284
1 9924
2 433
2 3714
2 978
2 8387
1 5807
2 612
2 6736
2 1249
2 4605
1 4185
1 9898
1 3312
2 4250
2 2962
2 6957
2 6013
2 2914
2 4647
2 2267
2 9922
1 5638
1 7209
2 6307
1 5290
2 3628
2 6512
2 1807
2 3564
2 3221
2 9626
2 3662
2 7553
1 7579
2 3164
1 5658
2 8823
1 7657
2 382
1 9310
2 2143
1 7495
1 5861
2 3496
2 2505
2 9142
1 8416
2 9342
2 6012
1 5593
1 3724
1 8480
2 5179
1 5010
2 3551
1 9252
2 4182
1 9337
2 4697
2 598
2 3672
2 3328
1 9386
2 205
2 358
2 7042
2 2943
1 5881
1 3504
2 180
2 6976
1 7198
2 8942
2 2295
2 208
2 3480
1 8085
1 2458
2 4062
2 8519
1 3308
1 9982
1 9276
2 2921
2 4986
2 4196
1 6766
2 8076
1 9778
1 2082
2 857
1 8961
2 8238
1 9493
2 1846
1 6210
2 5078
2 4691
1 9698
2 5910
1 4021
1 6577
2 1517
2 3860
1 3223
2 6067
1 3728
2 3884
1 7104
2 4017
2 925
2 8039
2 5754
2 2135
2 288
2 3450
2 2824
2 7797
1 5324
1 2401
1 9091
2 2967
2 4943
1 3583
2 293
2 4034
1 5770
2 9369
2 8979
1 3543
2 5783
2 4739
2 3333
2 466
1 5821
1 6328
2 3459
1 3419
1 3626
2 5258
2 7119
1 6435
1 9719
2 9672
2 3679
2 2730
1 4399
1 9503
2 8434
2 9017
2 2956
2 1948
1 5829
2 6725
2 8790
1 3967
1 3453
2 4078
2 6550
1 7494
2 4193
2 4565
1 6338
2 8701
2 997
2 7091
2 2768
1 8056
1 2308
1 5130
1 5238
1 2297
2 5407
2 594
2 1601
1 8894
1 3981
1 8487
2 5651
2 1642
1 2294
2 1939
1 9919
1 4230
1 3116
2 2298
1 6296
1 7972
2 4973
2 393
2 614
1 2806
2 6310
2 3582
2 5018
1 4455
1 2028
2 3491
1 8514
2 2296
2 1149
2 4962
1 3622
1 7088
2 3725
1 6202
1 8126
1 5971
1 6111
2 4376
2 5898
2 8035
2 6898
1 3156
1 5344
2 508
2 3814
1 9250
1 7603
2 4582
1 9488
2 8787
1 8208
2 4768
1 7795
2 5617
2 9679
2 5101
2 4276
1 5954
2 6121
2 8102
2 2780
2 2262
1 8549
2 3032
1 8923
1 6463
2 4603
2 9552
1 9345
1 6316
1 3522
1 2369
2 6623
2 1744
1 7802
2 6354
1 6413
2 8726
2 7545
2 3310
1 5837
1 6489
1 5850
2 400
2 5267
1 2263
2 1285
2 6167
2 6284
1 4484
1 4643
1 8134
2 1537
1 9918
2 7071
1 3589
1 8669
2 8478
2 6627
2 6511
2 3144
1 4911
1 4245
1 7932
2 7094
2 2468
2 8870
2 7076
2 3866
2 829
1 6954
2 9338
1 3375
1 9324
2 5314
2 8106
1 6948
2 3637
2 7977
2 4198
2 6874
1 3720
2 6870
1 4003
1 4681
2 7762
2 181
2 1221
2 8395
2 2116
1 4246
2 3286
2 2706
1 5813
1 9822
2 4036
2 4868
1 9273
1 6795
1 9684
1 7673
2 1998
1 7839
2 2236
1 8239
2 7820
2 5753
2 3308
2 9937
2 3411
2 903
1 9074
1 3268
2 3784
1 7394
2 5674
1 6440
1 4763
1 9070
1 4277
1 7250
2 6018
2 7791
1 4412
1 7096
2 1613
1 3615
2 6345
1 6781
1 5007
2 9903
1 2623
2 2291
1 2152
2 9383
1 3018
2 317
1 8380
2 1434
1 9492
2 5061
2 1973
2 2412
2 3517
1 6842
2 6327
2 1502
2 6932
2 3246
1 8234
1 6412
2 2193
1 8105
1 4470
1 2021
2 6963
1 4964
1 3814
2 9743
1 2940
2 986
1 7897
1 3153
2 5677
2 4612
2 7593
1 8443
1 9781
2 1325
2 214
1 6223
2 9514
1 9115
2 8744
1 8269
1 5278
1 3470
1 6341
2 2719
1 3164
1 7462
1 7141
2 7458
1 6094
1 4139
1 3370
1 9710
2 5668
2 7734
2 5459
2 9476
1 2323
1 3114
2 7113
2 9649
2 2737
1 4348
1 7166
1 5104
2 6470
2 1028
2 9721
1 4403
1 3493
1 9567
1 9359
1 9003
1 7819
2 3965
1 8647
1 6351
1 2722
2 7505
2 2229
2 3353
1 4739
2 83
2 6595
2 5329
2 8334
1 5925
1 2496
2 1750
2 8509
2 8998
2 8305
1 7268
2 1204
2 4173
1 9691
1 7595
2 2904
1 5882
2 373
1 7187
1 3390
2 8547
2 939
2 563
2 8462
1 2365
2 6758
1 3203
2 6431
2 4866
2 6679
1 8233
1 7626
2 4407
2 6419
2 6875
1 6761
1 5750
2 1341
2 4540
2 2849
2 727
2 4709
1 7305
2 483
2 2344
1 4236
2 2788
2 4478
2 5331
2 952
1 5520
1 9076
2 6715
2 7146
2 6866
1 7153
2 5086
2 3589
1 4523
1 4053
1 8248
2 9481
1 8507
1 3566
1 7993
1 3577
1 4399
2 4589
2 2758
2 4463
2 3394
1 7515
2 680
1 3570
1 8018
1 3323
1 3353
2 6505
2 6556
2 7947
1 5666
2 1921
2 9139
1 6000
2 7683
2 3697
1 6318
1 3839
1 8426
2 7337
2 5982
1 4051
1 4736
2 1492
2 7722
1 8892
2 3279
1 7745
1 9379
2 7452
2 5236
2 2476
2 8494
2 1999
1 8442
2 1026
2 9919
2 106
1 4821
2 4063
1 9183
1 5743
1 5125
1 8050
2 9828
1 2481
2 6956
2 2606
1 9171
2 3514
1 4446
1 3133
2 4414
2 7514
1 9213
1 3634
2 8775
2 7082
1 3447
2 1011
1 8667
1 5739
2 3673
2 4551
2 875
1 6278
1 6425
1 4952
2 5401
1 5651
1 9500
2 6028
2 5125
1 2922
1 6252
2 6457
2 870
2 1478
2 1810
2 4220
2 3193
2 167
1 7287
2 8419
1 8595
1 3519
2 6841
1 3264
2 503
2 3400
2 3576
1 6497
2 8866
2 2379
2 1135
2 4998
2 29
1 2782
1 9558
2 9748
1 9350
2 5248
1 4858
2 8924
1 9915
1 8962
2 7121
1 9444
1 3254
1 4705
1 7442
1 7744
2 979
1 3163
1 5711
2 4142
1 5226
2 1333
2 7770
2 581
2 4339
1 2019
1 4946
1 7803
2 649
2 7569
1 2027
2 582
1 3210
2 68
2 9637
1 4774
2 4068
1 5022
1 8206
2 2401
2 8994
2 9896
1 8544
1 9007
2 7942
1 9929
1 5024
1 3965
1 3505
1 8099
1 3512
2 3167
2 638
2 5555
2 5761
2 9648
2 8511
1 3062
1 4203
1 5077
2 5114
1 2668
2 1181
2 365
2 8365
1 3914
2 1510
2 4412
2 1650
2 8937
1 9264
2 1718
1 3201
2 4132
1 2573
1 9298
2 9430
2 5440
1 7860
2 124
1 5382
2 4531
1 9268
1 2041
1 2127
2 2380
2 3787
2 2239
2 7525
1 7144
2 1318
1 2340
2 6297
1 5681
2 7439
2 5466
1 8939
2 1379
2 392
1 8190
2 834
2 8189
2 3977
2 5782
1 8200
2 6642
2 9506
1 5402
1 7663
2 2869
1 6926
1 6345
2 6562
1 4511
2 2731
2 4436
2 5777
1 9782
1 3094
2 2884
1 5920
2 9967
2 9767
2 3106
1 2813
2 3783
2 4809
1 3178
2 1541
2 6739
1 3021
1 2213
2 9904
1 2765
2 3123
2 7046
2 4265
2 7457
2 8983
2 5509
2 4087
1 3994
1 6396
1 2277
2 151
1 7433
1 4845
2 5654
2 3938
2 4856
2 95
2 2909
1 2886
1 3397
1 4427
1 5783
2 5434
1 2345
2 5660
2 8874
2 2637
2 6862
2 3391
1 6834
2 8207
2 866
1 4079
2 4419
1 6174
1 7581
1 5106
1 9109
1 9966
1 6633
2 1053
2 7190
2 8658
1 5328
1 5448
2 9315
1 5749
1 7607
1 5867
2 514
2 3792
1 7162
1 9936
1 3515
1 2986
2 9491
2 4054
2 8863
2 6735
1 5771
2 1991
2 3021
1 8014
1 6806
2 7552
2 9540
2 6002
2 593
1 5945
2 6613
2 1176
1 5192
2 1966
1 5939
1 5425
1 3417
1 8289
1 5680
2 7462
1 8201
2 1539
2 2035
2 7572
2 9490
1 8672
2 3611
1 2161
1 7101
2 7693
1 7773
2 6320
2 2400
2 3153
2 5618
2 1032
2 8524
2 976
1 5625
1 6348
2 940
2 1051
2 7448
1 8302
1 4088
2 656
2 7419
2 327
1 5178
1 3766
2 664
2 1798
1 2501
2 6969
1 8236
2 9116
1 9969
2 2673
1 8604
1 9803
2 1127
2 7673
2 6040
1 8822
2 5526
1 5467
1 6667
2 5106
2 22
2 9056
1 2720
2 626
1 8593
2 8731
1 4613
2 7849
1 3746
1 3529
2 9765
1 9422
2 5404
2 7989
1 6082
2 3201
1 9756
2 4914
1 3776
1 8708
2 874
1 7379
2 8447
1 7309
1 7383
1 5886
2 6458
1 6200
2 1715
2 729
1 3694
1 4742
1 3465
2 114
2 8304
1 9262
1 4204
2 8714
1 5777
2 7106
1 9322
2 7941
2 3058
2 9134
1 7467
1 2428
1 2912
2 4970
2 3849
1 4043
2 1073
1 9747
2 8343
1 7764
1 7506
2 3324
2 4440
1 3388
2 1992
2 2915
2 937
2 8108
2 6315
1 5887
2 1269
2 7019
2 1217
2 8632
1 6662
2 2392
1 6135
1 8457
1 4680
2 6661
2 7260
2 4395
2 3549
2 9204
2 8073
1 5400
2 2817
2 1463
2 6034
2 1021
2 6730
2 9496
2 3789
1 6448
2 4446
1 5649
1 4460
2 9269
2 1804
2 6502
1 5521
2 4980
2 8200
2 7786
1 4163
1 9128
2 5332
2 8657
1 2064
1 4056
2 732
1 5918
1 5132
1 5105
1 5776
1 9595
2 4920
2 3420
2 2853
1 4344
2 4927
1 9868
1 3551
2 3383
1 5512
2 8529
1 7503
2 6600
1 8301
1 2107
1 6125
1 5667
2 1533
2 1019
2 387
1 2143
2 6111
1 2626
1 4966
1 5157
1 2271
1 2455
2 778
1 8543
1 9660
2 8345
2 8391
1 8296
1 7051
1 9652
2 7787
2 3942
1 7456
2 9084
1 2825
2 604
1 4796
2 6415
2 3369
2 8086
2 1130
2 2665
1 8664
2 8130
1 7482
2 8217
2 7690
2 665
2 3228
2 8389
1 3891
2 1183
2 5392
2 637
1 8050
2 5188
2 5317
1 9762
2 8652
1 2687
1 2086
2 6033
1 9033
2 3785
2 4754
2 4426
2 5506
2 998
2 6048
2 2611
2 3542
2 6901
2 1337
1 3528
1 6136
1 4901
1 9246
2 4125
1 2078
2 3190
1 6258
1 5820
2 4506
2 3217
1 9482
2 6849
2 975
2 8270
2 4996
1 4606
2 1121
1 9784
1 2584
2 837
2 682
2 6469
1 4586
2 5425
1 3616
2 4953
1 6617
1 2619
1 6188
1 9988
2 3347
1 3864
2 1321
2 6191
2 5131
2 5378
2 7855
2 8552
1 9855
2 9559
2 9543
1 7893
2 7991
1 3688
2 1501
2 7403
2 3908
1 9976
1 9998
1 6209
2 4988
1 6078
1 5947
2 6684
2 6332
1 7643
2 7794
2 2393
2 3896
2 1278
1 8611
1 3679
2 3098
2 3700
1 4999
2 4972
1 2351
2 2365
1 9585
2 9428
1 9697
1 6579
1 2755
1 9214
2 3763
1 8434
2 4151
1 7298
1 2125
2 2274
2 9160
1 9964
1 5258
2 6508
2 5995
2 6234
2 7731
1 3665
1 6851
1 3416
1 6893
2 9276
2 6236
1 5348
2 722
2 5547
2 4020
2 3392
1 7855
2 3891
2 5876
1 9779
1 3076
2 743
1 4406
1 3553
1 7332
1 6373
2 5727
2 1050
1 3430
1 6268
1 9161
1 5775
1 7020
1 3337
1 5189
1 2129
1 8351
2 7986
1 3484
1 4214
1 6876
2 8825
1 5519
2 8533
2 2415
1 9965
2 4831
2 3161
2 5750
2 5014
2 562
2 7203
1 3151
2 1910
2 5769
2 977
2 967
1 2846
1 2306
2 8813
2 9231
1 4772
1 7224
2 5520
2 1276
2 4718
1 7547
2 2138
2 7573
2 3386
2 9167
2 5907
2 5580
1 7600
2 459
2 213
1 2459
2 1587
1 6915
1 5969
2 2416
2 6
2 4560
2 728
1 7703
2 8976
1 3951
1 8692
1 9200
1 3783
2 7892
2 7393
1 8795
1 8266
1 3359
2 9021
1 9715
1 7010
2 1074
1 2679
2 1585
2 3218
1 8062
1 4819
1 7837
1 8463
2 2111
1 3009
2 3740
2 1101
2 2014
2 9211
2 4648
1 9160
1 2756
2 1702
2 2056
2 4249
1 3940
1 5686
2 4606
2 3585
2 6209
2 4358
2 8047
1 4648
1 2042
2 2667
2 8506
2 5821
1 8929
2 9630
2 6575
2 2774
2 6147
2 646
2 4510
1 4896
2 776
2 4219
1 9021
1 8176
1 2629
1 8878
2 1862
2 4837
1 4324
1 8412
2 9179
2 7729
2 1527
2 4667
1 9477
1 7481
2 6412
2 231
1 8986
1 7122
1 6290
1 4958
1 2709
2 1443
2 9072
2 8760
2 2786
2 2216
2 297
2 6601
1 4350
1 2097
2 2424
2 1046
1 2758
1 9518
1 7946
1 4595
2 8711
2 6814
1 4211
1 6146
2 7385
2 9015
2 9889
1 9356
2 502
2 3545
1 6547
2 3104
2 6696
1 3160
1 5463
2 4934
2 2095
1 8283
1 4635
1 4542
2 5015
1 7731
2 4969
2 7432
1 3546
2 4870
2 7983
1 2220
2 5109
2 5958
2 5044
1 7259
1 2925
1 6723
2 7564
2 6529
1 6597
1 6500
2 3117
1 9631
2 5662
2 8958
2 1109
1 3640
1 8138
2 9020
1 9933
2 6722
1 9090
2 6432
1 4519
1 8610
1 3381
2 4945
1 8767
1 9378
1 4193
2 6164
2 5517
1 2530
1 4725
2 1010
2 3443
2 230
1 4036
1 5172
2 4710
1 7126
2 821
2 1185
2 8154
1 2669
2 969
2 9085
1 9233
2 1137
1 3673
1 7080
1 9358
1 9094
2 1248
1 5145
2 8201
2 5587
2 1289
2 4520
1 6960
2 572
1 8540
2 1927
2 3599
2 19
2 4735
1 8990
1 2836
2 9541
1 7359
2 3016
2 7178
1 8530
1 7519
1 6498
2 6493
1 6957
2 7264
1 5540
1 4847
2 3370
1 4275
1 3641
1 9463
1 9537
2 2844
2 4053
1 3450
1 9967
2 7057
1 5509
2 2469
2 2708
1 3037
2 416
1 3584
2 9365
1 2174
2 7312
1 9436
2 3547
2 5363
2 3393
2 6738
2 2878
1 3392
2 5781
1 3252
1 9853
1 9494
1 9609
2 1031
1 7059
2 8893
2 6186
2 3764
1 5862
1 3771
1 2735
2 2362
1 6892
1 7420
2 552
1 5747
1 4260
1 9475
2 7665
1 7160
2 5911
2 5349
1 5982
1 3518
1 3118
1 7633
1 5204
2 8442
2 7663
2 5641
1 5481
2 4747
1 5642
2 1378
2 7592
1 5984
1 2147
2 2282
2 1344
1 5565
2 515
2 5066
1 5374
1 9487
2 5000
2 7621
1 3637
2 2063
2 9740
2 4885
2 3342
2 7283
1 4603
1 9238
2 2390
2 6022
1 4645
2 3425
2 3670
1 8304
1 8970
1 8440
2 7266
1 2036
2 5287
2 789
1 5562
2 5810
2 9328
2 1328
2 2854
2 2807
2 7783
1 8070
2 2698
2 4593
2 1529
2 5485
2 7338
1 8468
1 2899
1 8934
1 4776
1 5283
2 3778
2 6772
1 3006
1 4660
2 6750
2 3696
1 8944
1 5972
1 2868
1 4969
2 6796
1 5360
1 7023
1 7851
1 5663
2 2028
2 5926
2 5146
2 3579
1 4075
1 5301
1 6084
1 9216
2 6433
1 2225
2 1986
2 9059
2 2743
1 7439
1 9267
1 2820
2 4766
2 6806
2 4176
2 2130
1 2878
2 9858
2 8638
2 2150
2 4131
2 5209
2 2161
2 5862
2 4158
2 6843
2 1404
2 78
1 2489
2 8147
2 1083
2 5609
1 9987
1 5974
2 9729
1 2566
1 7306
1 3198
2 1530
2 5738
2 600
2 96
1 6108
2 6746
1 3874
2 6861
1 2908
1 6870
2 3093
2 5326
1 6923
1 8486
2 2619
2 916
2 4320
1 6785
1 7615
2 5966
1 6702
1 9973
1 5168
1 5457
2 5582
1 4496
2 5596
1 6344
2 7582
1 8728
2 6160
1 4612
2 5504
2 577
2 6807
2 5675
2 2976
1 4650
1 3138
2 2260
1 8332
2 26
1 2307
2 2546
2 9531
1 2568
2 9995
1 3912
1 4803
1 4694
1 7017
1 8904
2 3565
1 9446
2 5347
2 9655
1 5514
1 4311
2 8808
1 9713
1 6212
1 2476
2 6933
1 2081
2 9344
2 4890
2 8487
1 4657
2 8352
2 9686
1 7610
2 2411
2 6362
1 3952
2 261
1 5070
2 4365
2 5491
2 6837
1 6845
2 5223
2 7258
2 2513
1 5787
1 9681
2 5932
1 9245
2 7645
1 7770
1 3871
2 7613
2 9061
2 5435
1 6773
1 6574
2 9727
2 8473
2 5092
1 4467
1 8374
2 2305
1 6090
2 8514
2 6117
2 5881
2 4790
1 9403
1 7876
1 9943
1 9096
1 2618
2 7925
1 3744
1 3703
2 4812
2 2732
1 9516
1 5714
2 6176
2 6972
2 2237
2 774
1 2620
2 7484
1 4105
2 791
1 4922
2 1958
2 9228
2 7583
1 2531
1 6970
2 8045
2 1487
1 2879
2 3242
1 2875
1 9712
1 8697
2 4734
1 7670
1 6938
2 7124
1 4869
1 2087
1 2208
2 3636
2 8666
2 9018
1 6357
2 5679
2 5199
1 9870
2 6649
1 4228
2 8223
2 7295
1 8508
1 4758
1 5588
1 8290
2 1809
1 6881
2 8064
2 6994
1 4893
2 1475
2 5257
2 6590
1 5012
1 6677
2 7279
2 7161
2 1787
1 3200
2 384
2 5523
2 6249
2 8121
2 7410
1 6918
1 6713
1 2920
1 7874
1 6841
1 7040
2 4707
1 2649
2 6399
1 5693
1 6052
1 2906
2 6093
1 3646
2 3633
1 2305
2 3256
1 4629
2 573
1 4191
2 1391
2 6840
2 7560
2 147
1 6168
1 5973
2 8191
2 1638
2 8273
2 8137
2 6929
1 2599
1 5899
2 5931
2 8249
1 7661
1 3204
2 2500
2 7315
2 69
2 9177
1 3569
2 6238
1 6169
1 3597
2 1232
2 5512
1 9533
2 6405
1 5677
2 7865
1 6692
1 5958
1 4239
1 2727
1 8956
1 6102
1 7669
1 2913
1 8875
2 340
2 4617
2 9692
2 631
1 2429
2 4240
2 5702
2 5198
2 928
1 8982
1 9637
1 4369
2 2117
1 4558
1 3960
2 1301
1 6659
2 4380
2 7255
2 279
2 2534
2 7998
1 7232
2 1376
2 2709
1 5475
1 7815
2 5987
2 1370
2 4281
1 3326
2 1309
2 9804
1 2262
2 7140
2 4153
1 3894
2 3660
2 3434
2 2762
1 4886
2 1191
1 9185
2 660
2 6198
2 6334
2 3717
2 2054
1 2516
2 9803
1 8636
1 6061
1 6956
2 430
2 172
2 3091
1 6312
1 3729
2 880
1 3113
1 8047
1 8861
2 1551
2 995
2 6444
1 4861
1 4012
2 8991
2 9669
2 7996
2 2140
2 7588
2 2597
1 2435
1 9470
2 3760
2 7167
2 974
1 6408
2 2335
1 7366
2 51
2 9079
1 3309
1 7715
1 7479
1 8707
2 6826
2 3970
2 8190
2 3798
2 1193
2 4521
2 6477
2 1721
2 1067
2 6330
2 2128
1 3770
2 1923
1 7706
1 9106
1 8267
2 2049
2 1703
2 4462
1 8363
2 9227
2 9927
2 1689
1 4918
2 4302
1 8796
2 2133
2 3721
1 8816
2 9318
1 7898
2 2895
1 9828
2 963
1 6614
2 9267
1 4405
1 5798
1 3689
2 5819
2 5824
1 6817
1 2572
1 2040
2 9874
1 6353
2 5984
2 3935
1 5404
1 6775
1 2184
1 9166
2 5628
2 1117
1 8406
1 9009
2 2754
1 3187
1 2583
1 6553
1 6455
1 2136
2 3073
1 7975
1 6508
2 999
1 5634
1 9459
2 3297
2 1145
1 7889
2 2433
2 1482
2 5478
2 775
2 6375
2 3846
1 7473
2 4615
2 8742
2 296
1 7168
1 3225
1 9948
1 5118
2 1728
2 1202
2 7842
1 7320
1 3266
2 4498
1 5696
1 3735
2 4076
1 2312
1 5323
1 9540
2 7567
2 1664
2 1018
1 7734
2 3440
2 6974
2 7520
1 2833
1 2214
2 5939
1 8079
2 4632
1 4775
1 3736
2 8007
1 8649
2 7238
2 4946
2 4912
2 9212
2 1092
2 6941
1 2422
2 1247
1 4504
2 7969
1 5053
1 3088
2 9863
2 8081
1 7165
1 7622
2 1937
2 7380
1 9841
2 9544
2 8262
2 7908
2 5437
2 6110
2 1783
1 9775
1 7159
1 3926
2 4496
2 1042
2 1298
2 3188
2 2324
2 9618
1 7636
2 4074
2 7010
2 4135
1 6450
1 9289
2 6395
1 5015
1 2274
1 4743
2 1618
1 7177
1 5002
2 5972
1 6871
2 8429
1 3283
2 2090
2 9822
2 9104
1 5018
1 7067
2 3149
2 6060
2 3453
2 4788
1 6525
2 645
2 2453
2 2254
2 4486
1 8769
2 7494
1 6405
2 1140
2 2103
2 6913
2 9444
2 3255
2 9566
1 7551
1 3938
2 1596
2 3786
1 3040
2 3154
2 3165
1 7413
2 6608
2 5615
2 8066
2 144
2 9182
1 3328
1 2446
1 4787
2 7813
2 635
1 7286
2 3754
1 2100
2 3311
1 8826
2 6437
2 6325
2 6023
2 3200
1 4334
1 5112
2 1219
1 7474
2 4537
1 7372
1 6649
2 3519
2 8241
2 4311
1 8880
1 7599
2 175
2 8996
2 1792
2 9316
1 5573
2 3263
2 8167
2 3623
1 8603
1 7281
2 2346
2 7862
1 5742
1 5548
2 7422
2 4012
2 2195
2 2656
1 7346
2 8245
2 4475
2 7629
2 1990
2 7421
1 4939
2 4065
1 2717
1 9048
2 1512
2 7685
2 6348
2 1400
2 4332
1 3656
1 9051
2 216
1 5903
1 5339
2 8063
1 4351
2 592
2 3607
1 6628
2 5058
2 4857
1 3722
2 7148
2 7763
1 9751
2 1418
1 3516
1 4566
2 7627
2 6056
2 6500
2 3476
1 9900
2 3652
2 2765
1 4062
1 9772
2 5588
1 7912
1 8472
2 2911
2 3954
2 1195
2 5139
2 88
2 5153
1 8386
1 2957
2 8717
2 1749
2 1129
1 8824
1 7844
1 8665
2 93
1 3019
2 9047
1 3827
2 6106
1 3706
2 5278
2 6894
1 7008
1 4978
1 3209
2 3923
2 3497
1 8555
1 3105
1 3319
2 7384
2 7723
2 3055
2 9329
2 5812
2 6530
1 8346
2 559
2 4903
2 2778
1 3020
1 9638
1 5449
2 4627
1 9274
1 7835
2 9429
2 4236
2 9574
2 2347
2 871
2 3382
1 6319
1 6392
1 3885
2 2794
1 4614
1 7150
2 704
1 8229
1 2404
1 5581
1 3787
1 5317
2 7926
2 2162
1 9639
1 8431
2 2931
1 9583
2 9438
1 7193
1 9640
1 2291
2 7853
1 4134
2 3955
2 241
2 5560
1 2392
2 3756
1 7666
1 8074
1 4806
2 8643
1 9753
1 8073
2 1732
2 555
1 8121
2 1373
1 5986
2 4883
1 4388
2 8750
1 9883
1 3813
2 6903
1 9401
1 6719
1 3217
2 281
1 8276
2 9854
2 4090
2 1403
2 5646
2 2363
1 4135
1 6888
2 6698
1 9240
1 5155
2 5429
1 3939
1 8053
1 8077
2 4587
1 4032
2 3949
2 1826
2 3773
1 5833
2 3012
2 697
2 3705
2 1607
2 642
2 8798
1 5028
1 3389
1 9164
2 7254
1 4647
2 4908
1 2697
2 3782
1 9365
1 9590
1 6816
1 5445
1 7253
2 4333
1 2257
2 5817
2 6318
2 349
2 3442
1 9018
2 3566
2 7811
1 5235
2 2892
2 4550
1 5928
1 2605
1 7550
2 3107
1 2574
1 5222
1 6694
1 6449
2 4228
1 7747
2 954
2 3572
2 1500
1 9010
2 4310
2 8414
1 3185
1 6330
1 6133
1 6518
2 4105
2 8404
1 8768
1 2893
2 8982
2 6998
1 8372
2 4247
1 7838
1 3513
1 9471
2 5356
1 5464
2 3423
2 460
1 7235
1 9546
2 7320
2 1634
2 3987
1 9123
2 7249
2 1671
2 6567
2 6561
2 8702
2 8642
1 6216
2 3181
2 7276
2 1361
1 2151
1 2638
1 5765
2 6416
2 2908
2 684
1 5151
2 5954
1 9787
2 5183
2 8855
1 2580
2 889
2 7912
2 8368
2 3692
2 8409
2 1805
2 1151
1 2864
2 7541
2 2561
2 5186
1 2200
2 3424
2 2204
2 4422
1 9544
2 2631
2 9250
1 6453
1 6063
2 5324
1 9499
2 2209
2 9653
2 8641
1 2438
1 4567
2 186
1 2601
2 1988
2 1574
1 6989
1 8749
1 7511
2 5071
2 1134
1 9873
1 2216
1 5088
2 5545
2 4096
1 4229
2 3010
2 4536
2 2300
2 9680
1 5031
1 8031
2 164
2 9133
2 4816
2 8465
1 5198
1 9597
1 8474
1 4870
2 2104
1 9722
1 4423
2 6579
1 5167
2 4171
1 2090
1 7123
2 9887
1 8373
1 4712
2 7311
2 510
1 6875
2 8896
2 5348
1 8170
1 5628
2 6611
2 8276
1 8666
1 5236
2 4050
2 3289
2 3248
1 7598
1 9017
2 484
2 9272
2 2573
2 4480
1 9665
1 3588
2 3269
1 5604
1 4767
1 8565
2 3996
1 2801
1 6570
2 5034
2 8070
2 7579
1 9937
2 5897
1 9451
1 6060
2 7181
2 1855
1 5603
2 5541
2 6250
1 6360
2 4479
1 4813
2 5914
2 841
1 2203
2 3940
2 1497
1 3905
2 6958
1 3986
2 6938
2 4757
2 1071
1 6997
2 5888
1 3876
2 602
1 2632
2 5717
2 366
1 2998
1 3514
2 1182
1 3823
2 6438
1 6676
2 5604
2 9954
1 3073
2 8598
2 6241
1 4233
2 2089
2 20
1 5647
1 3639
2 7047
1 4044
2 157
2 4717
2 1449
2 9068
2 7048
1 5384
2 807
2 8335
1 7788
1 6747
1 8467
2 5251
2 2981
1 9955
1 6096
2 5157
1 3705
2 1272
2 6798
2 7067
2 3099
2 5242
1 2134
2 6585
1 4138
1 4668
1 6768
2 6073
1 8436
1 7958
2 7359
1 5854
2 3509
2 6964
2 6277
1 9229
1 7351
2 8620
2 3925
1 2733
1 6192
2 7493
1 6706
1 4301
2 9053
1 8913
1 6481
1 2545
2 7031
2 5383
2 3359
1 6356
2 3668
2 4932
2 9433
2 6358
2 3518
1 8011
2 5533
2 4416
1 2406
1 7990
2 7619
2 1365
1 3285
2 9007
2 9265
1 7642
2 6621
2 1714
2 1573
1 8090
1 2286
2 4833
1 5582
1 8057
1 4721
2 4959
2 840
2 3296
1 7220
2 4424
1 5237
2 2097
2 378
2 145
2 435
2 3042
2 4396
1 3403
2 7207
1 9687
1 9961
1 6796
1 8169
2 4113
2 4681
1 7944
1 5405
1 7493
2 1270
1 9299
1 8428
1 9362
2 2394
2 4504
2 712
2 9601
1 5909
2 6712
2 9173
2 3113
2 6667
1 7490
2 8637
1 6320
1 2635
2 9892
2 6906
2 9474
1 8943
2 8104
2 1797
1 2186
2 2842
2 1828
2 1136
2 5899
2 4213
1 4218
1 8009
1 4117
1 8842
2 1616
1 4175
2 3584
2 7154
2 4879
2 1061
1 8260
1 9237
2 7142
1 3428
1 9258
2 1892
1 5033
1 5403
2 9808
1 7191
1 6332
1 2120
2 3732
1 9802
2 571
2 7864
2 3128
1 7594
2 1822
1 2600
2 4720
1 7137
2 4261
1 2238
2 7018
2 34
2 1484
2 3960
2 7004
1 6840
1 8019
1 9605
2 4317
1 7129
2 287
1 8515
2 7015
1 6203
2 8153
1 4735
1 3966
2 3685
2 7546
2 7475
1 5282
1 6491
2 8267
1 7384
1 3082
1 3218
2 6361
2 1849
2 2494
1 4149
2 9631
2 5085
1 9701
2 9999
1 8687
1 9543
1 5661
1 3953
2 6647
2 6465
2 7351
1 9479
2 2167
2 5806
2 694
2 6815
1 7740
1 3833
2 1981
1 9218
1 8444
1 5439
1 4146
1 5754
1 3199
2 1544
1 4531
1 9999
1 6843
2 486
1 7939
1 3121
1 5351
2 3293
2 439
2 3303
1 6707
2 6483
1 2411
1 5494
2 8458
2 6372
2 5402
1 8640
2 838
2 321
2 4340
2 2350
1 6050
1 3162
1 4714
2 8678
1 5709
1 7937
2 500
2 7143
2 6091
1 7050
2 6800
1 2544
2 2017
1 3265
1 7957
2 4001
1 7222
2 4543
2 2945
2 9920
1 9443
2 123
2 5207
2 2155
1 2708
2 452
2 5056
2 2333
1 8264
2 2160
1 8535
2 3936
2 9434
2 3183
1 3263
2 9446
2 5222
1 6932
1 8039
2 249
2 289
2 7785
2 8864
2 7680
2 4059
1 3594
1 7885
1 5045
1 3970
1 3877
1 3102
2 6517
1 7016
1 9646
1 6383
1 3658
2 5275
1 2744
2 4337
1 6350
2 895
2 2109
1 8947
2 4493
2 4716
2 9479
2 7466
1 7418
1 3910
2 6895
1 2804
2 5290
2 3937
1 9400
2 1557
2 5361
1 5291
2 8636
2 1368
1 6972
2 9981
2 7648
1 3983
2 236
2 5915
1 9151
1 3192
1 9495
2 2071
1 5263
2 4542
1 8451
1 8838
2 676
2 8128
1 4028
1 5546
2 2321
1 9759
1 4989
1 9305
1 4802
2 5671
1 3213
2 3656
1 3887
2 3800
2 1156
1 7019
2 4928
1 8466
1 7438
2 813
1 8818
2 5807
1 4834
2 2384
2 8927
2 4696
1 9731
1 7742
1 3829
2 5992
1 4951
2 2312
1 6839
2 3151
2 6928
2 6173
1 9062
2 4787
2 5309
2 66
1 9604
2 7321
1 2328
2 1949
1 8250
1 6193
2 6478
2 1044
2 7812
2 7660
2 4041
2 9057
1 8763
2 9857
1 6442
1 8968
1 6201
2 9661
2 621
1 7134
2 8967
2 6291
1 4991
2 9376
1 5600
1 7440
1 5788
1 8813
2 2287
1 9798
1 6920
1 5889
2 2278
1 2385
2 2225
2 1081
1 8613
2 5902
1 6763
2 6706
2 7344
2 5903
2 4231
1 7312
1 8732
2 4950
1 4979
1 3681
1 2339
1 8488
1 2591
1 3442
2 7746
2 9799
1 4686
2 6038
2 2775
1 6655
2 3880
1 3007
1 4196
1 4984
2 3343
2 446
2 8791
2 7575
1 6554
2 178
2 2077
2 9111
1 7543
1 2068
1 6120
2 4081
1 6821
2 8525
1 5579
1 3743
1 8847
2 9051
1 3051
2 444
2 3888
1 4440
2 4371
1 7843
2 3214
1 4661
2 3494
1 3909
2 7644
1 9064
1 6041
2 4188
1 5252
2 3881
2 1651
1 5764
1 2651
1 2701
2 1514
2 2744
1 6549
1 2052
1 9045
2 3834
2 8916
2 4940
2 6462
1 8371
1 2185
2 6594
2 9229
2 3580
1 2469
2 9327
2 4803
2 1094
2 4438
1 9931
2 6414
2 2705
1 3623
1 8765
1 7092
2 788
2 9695
1 4879
1 6531
1 5219
1 9956
2 1838
1 8120
1 7992
1 2111
1 3901
1 2399
2 6451
2 385
1 4583
2 9240
1 8963
2 7007
2 1768
2 3841
1 6073
1 8877
1 7411
1 2637
2 5860
1 3060
2 6367
2 7281
2 7471
2 4482
2 2727
1 2461
2 6670
2 8331
1 5087
2 5989
1 5352
1 6907
1 6571
1 8471
1 3456
2 3898
2 7132
2 8566
2 1880
1 2504
1 6533
1 4995
1 3774
1 5665
1 5083
1 6917
2 8590
1 2923
2 6239
2 4619
2 7326
1 9548
1 8957
1 8256
2 1861
2 3560
1 9763
1 5396
2 3765
1 9992
2 659
1 2969
1 5213
1 7308
2 5323
1 8673
2 9154
2 1169
1 8419
2 2715
2 6854
1 4524
2 5558
1 8194
2 7894
2 2773
2 8935
1 2320
1 7807
1 3141
2 4639
1 6955
2 4796
1 3001
2 4274
2 3975
2 3832
2 1570
1 8561
2 3300
1 3587
2 961
1 6423
2 3604
1 4833
2 579
2 7719
2 5224
1 7086
1 8209
2 1222
1 8714
1 5791
2 5405
1 4377
1 5483
1 6081
2 2680
2 8672
2 7231
1 2157
1 5556
1 8003
1 3463
2 55
1 8438
1 3434
1 9737
2 2662
1 2928
1 8122
2 7638
2 5728
2 2750
2 6340
1 2872
2 5410
2 201
2 3836
1 6710
2 2811
2 6242
2 2927
1 7108
1 7778
1 4086
1 6137
1 7729
2 5206
2 8943
1 7404
2 2317
2 4298
2 3941
1 4310
1 8879
1 3277
1 8281
1 4570
1 8410
2 3879
1 4794
1 8568
2 4779
1 6153
2 5766
2 8584
1 6030
2 6206
2 3875
1 7042
2 2640
2 1330
2 9952
2 3257
1 7601
1 2658
1 4849
1 6953
2 6709
1 3043
1 4976
2 1077
1 2168
1 5729
2 2234
2 633
1 8284
1 2475
1 2204
1 7947
1 5808
2 1684
2 2876
2 2444
1 2049
2 1437
1 6301
2 970
1 5386
2 6257
2 2003
2 7250
2 190
1 6864
1 3401
2 5187
1 8111
2 9769
1 2945
2 7392
2 4316
2 7594
2 6179
1 8424
1 3052
2 185
2 8575
2 3876
2 2568
2 3189
1 3423
2 3282
2 2586
1 3348
1 7966
2 4383
2 5620
1 2729
2 9513
1 4094
1 3497
2 4798
2 7951
2 7537
1 4708
1 3398
1 6629
2 9405
1 5399
1 2757
1 5117
2 4476
1 7097
1 8310
2 3475
2 1163
1 2008
2 9716
1 6181
2 9585
2 1260
1 6869
1 3244
1 9053
2 2060
2 2176
2 6733
1 8855
2 4849
2 3809
2 4359
2 5175
2 9787
1 6540
2 7038
2 5963
1 6231
2 7003
2 3006
2 907
1 4130
1 9372
1 4830
2 1227
2 2994
2 8082
2 3445
2 8228
1 6254
1 7466
2 4939
2 5815
2 5925
2 5328
1 4746
2 1491
2 1583
1 9284
1 8590
2 2628
1 6914
2 4977
2 3028
2 2360
1 8870
1 3056
2 3871
2 2422
2 1322
1 7652
1 5124
2 254
2 3114
1 3184
2 4083
2 7784
2 6539
1 8801
1 7219
1 6985
1 4020
1 7021
1 6303
1 8570
2 2712
2 3667
1 7674
2 4759
2 5940
2 4269
2 8350
1 2486
1 4240
2 7507
2 5261
1 6361
1 4883
2 1636
2 7335
2 744
2 6850
1 2867
1 4361
1 3084
1 4172
2 3131
1 9395
1 8299
2 6633
1 2977
2 7710
2 3301
2 7397
1 2905
2 3617
1 8793
2 7910
2 272
1 6430
2 218
2 3137
1 7968
1 9098
2 5342
2 457
2 8957
1 8065
1 3327
2 7808
1 2201
1 8583
2 5411
2 7371
2 6753
2 6639
2 1307
1 8481
1 3224
2 929
2 5190
1 3475
2 6765
1 8857
1 7853
1 2463
1 3166
1 6227
1 7185
2 8903
2 5629
2 1390
2 9602
1 4912
1 2132
1 9014
1 5055
1 7453
2 4386
2 3026
1 7769
2 2922
2 6473
1 7178
2 3833
1 3683
2 8600
2 9271
1 6737
2 5600
1 4801
1 9022
2 6774
1 7062
1 3957
1 8524
1 5256
1 4077
1 5194
1 7582
1 6906
2 7213
2 4327
1 3668
2 2540
2 8036
2 8871
2 7177
2 3892
1 6232
1 9290
2 1329
2 3939
1 9902
1 5095
2 1934
1 8700
2 4324
2 9012
2 1745
1 6927
2 754
2 2348
2 5884
1 7264
2 8963
2 4367
2 921
2 8240
1 9748
1 5431
1 6239
1 5411
2 9112
1 9711
2 4121
2 6120
2 1158
2 6882
2 7818
1 3281
2 44
1 4947
2 3855
1 5268
1 8644
1 2467
2 7775
2 9993
1 2172
1 4864
2 4774
2 5739
1 9325
2 7615
1 8401
1 9296
2 9404
1 9311
2 3092
1 5995
1 6206
1 6913
2 8261
1 9565
1 5547
1 2091
1 9695
1 8041
1 5349
1 4309
2 4923
2 7095
2 3160
1 9347
1 4971
2 1681
2 6990
1 7425
2 282
1 2290
2 8199
1 7656
2 9791
2 6987
2 4071
1 5977
1 6067
2 9785
1 4639
1 9335
1 5332
1 4646
1 8168
2 9044
1 2202
2 3554
2 5357
2 9786
2 5999
1 7522
2 1563
2 4170
2 6228
1 3843
1 7004
1 4831
2 4253
1 4186
2 7026
1 7373
2 2102
1 8912
2 9349
1 9732
1 3563
1 5818
1 7018
2 2445
1 7870
1 2665
1 2857
1 7464
2 1635
1 6962
2 313
2 1303
1 5933
2 7515
2 1602
1 5099
1 3582
1 2292
2 1460
2 5212
1 7395
1 6757
1 2499
2 1704
1 6177
2 8801
1 3803
1 3342
2 5454
2 9621
1 3498
2 4244
2 6151
1 5869
1 7211
1 2539
1 8744
2 4899
2 4351
1 8691
1 2775
1 2076
2 685
2 6422
2 9744
2 4799
2 6617
2 7239
1 5845
1 3100
2 9219
1 6521
1 7713
1 7116
2 4183
1 3996
2 418
1 8618
1 9908
1 8261
1 7505
1 3267
1 5705
2 3472
2 5189
2 8776
2 8804
2 8100
1 2684
1 7279
2 234
1 3880
1 7124
2 2900
1 9848
2 5438
2 6122
1 4690
1 4751
1 5865
2 3766
1 4337
2 4620
1 4972
2 1980
2 8126
1 7345
1 9724
1 3954
1 9602
2 1829
1 6253
2 4975
2 9198
2 6637
2 1468
2 5986
1 7558
1 6609
2 3454
2 6547
1 8388
1 7528
1 3663
2 2803
2 9311
1 7518
2 5510
2 3817
1 5619
2 8179
2 2329
1 4630
1 4213
2 2073
1 8037
1 2493
1 6022
2 1925
2 1078
2 3088
2 6830
2 9063
1 2350
2 2850
1 7708
1 8579
1 5242
1 8696
2 3621
2 7703
1 2260
2 2630
2 1427
2 3095
2 5385
2 8859
2 7889
1 7034
1 4115
1 5140
2 7816
2 6523
2 1080
2 6689
1 9066
1 9124
1 4048
2 6865
2 4563
2 8553
1 5451
2 7618
2 1058
1 3395
1 7705
1 8305
2 4420
2 540
1 3999
1 2067
2 3060
1 5563
1 8368
1 9425
1 5325
1 4640
2 6810
2 6631
1 6010
1 5383
2 9453
1 9429
1 8241
1 3148
1 6495
2 4997
1 3193
2 4771
1 5900
1 5615
1 3853
1 6417
1 5281
1 8840
2 4703
2 5115
2 3669
1 8977
1 5231
1 6829
2 5933
2 8915
2 3701
2 3176
1 2418
1 2802
1 7986
2 3619
2 5070
1 2885
1 3984
1 2676
1 7163
2 6178
2 4172
1 7414
2 2833
1 8809
1 9112
1 2746
1 7509
1 8972
1 8950
1 3491
2 1662
1 5806
2 5113
1 6831
1 5983
2 2313
2 1578
1 2199
2 3507
1 7412
1 9126
1 4601
2 6381
2 973
1 6969
1 9668
2 1795
1 9723
1 8773
2 5840
2 4957
1 3791
1 8319
2 468
2 43
2 6886
2 6116
2 9366
1 2318
2 7967
2 5518
2 8817
1 9315
1 8756
2 4448
2 7066
1 2645
1 8361
2 1215
2 4272
1 9847
2 3243
2 4673
1 3355
1 4231
1 2025
2 6741
2 4280
2 4338
2 828
1 7054
2 6566
1 6077
2 4838
2 3187
2 3826
2 9322
1 7730
1 4887
1 3772
2 3535
1 9424
2 5088
2 1450
1 5710
2 447
2 6447
1 4065
2 5333
1 9184
1 6729
1 4285
2 245
1 6514
2 3140
2 9080
1 2495
1 3489
2 1547
2 6027
1 9381
1 3785
1 9857
1 9571
2 9671
2 2748
1 4910
1 7274
1 8652
1 6961
2 914
2 3647
1 2541
1 5350
2 1014
2 5895
2 6792
2 1382
1 2452
2 9571
2 2207
2 8807
1 9190
2 3138
2 3772
2 2585
1 5177
1 5598
1 2218
1 7820
1 4342
1 9140
2 2601
1 9196
1 6414
1 4179
1 3339
2 1964
1 8627
1 4594
1 6721
1 5211
2 9958
2 7724
1 5919
2 8549
1 7284
1 9924
2 433
2 3714
2 978
2 8387
1 5807
2 612
2 6736
2 1249
2 4605
1 4185
1 9898
1 3312
2 4250
2 2962
2 6957
2 6013
2 2914
2 4647
2 2267
2 9922
1 5638
1 7209
2 6307
1 5290
2 3628
2 6512
2 1807
2 3564
2 3221
2 9626
2 3662
2 7553
1 7579
2 3164
1 5658
2 8823
1 7657
2 382
1 9310
2 2143
1 7495
1 5861
2 3496
2 2505
2 9142
1 8416
2 9342
2 6012
1 5593
1 3724
1 8480
2 5179
1 5010
2 3551
1 9252
2 4182
1 9337
2 4697
2 598
2 3672
2 3328
1 9386
2 205
2 358
2 7042
2 2943
1 5881
1 3504
2 180
2 6976
1 7198
2 8942
2 2295
2 208
2 3480
1 8085
1 2458
2 4062
2 8519
1 3308
1 9982
1 9276
2 2921
2 4986
2 4196
1 6766
2 8076
1 9778
1 2082
2 857
1 8961
2 8238
1 9493
2 1846
1 6210
2 5078
2 4691
1 9698
2 5910
1 4021
1 6577
2 1517
2 3860
1 3223
2 6067
1 3728
2 3884
1 7104
2 4017
2 925
2 8039
2 5754
2 2135
2 288
2 3450
2 2824
2 7797
1 5324
1 2401
1 9091
2 2967
2 4943
1 3583
2 293
2 4034
1 5770
2 9369
2 8979
1 3543
2 5783
2 4739
2 3333
2 466
1 5821
1 6328
2 3459
1 3419
1 3626
2 5258
2 7119
1 6435
1 9719
2 9672
2 3679
2 2730
1 4399
1 9503
2 8434
2 9017
2 2956
2 1948
1 5829
2 6725
2 8790
1 3967
1 3453
2 4078
2 6550
1 7494
2 4193
2 4565
1 6338
2 8701
2 997
2 7091
2 2768
1 8056
1 2308
1 5130
1 5238
1 2297
2 5407
2 594
2 1601
1 8894
1 3981
1 8487
2 5651
2 1642
1 2294
2 1939
1 9919
1 4230
1 3116
2 2298
1 6296
1 7972
2 4973
2 393
2 614
1 2806
2 6310
2 3582
2 5018
1 4455
1 2028
2 3491
1 8514
2 2296
2 1149
2 4962
1 3622
1 7088
2 3725
1 6202
1 8126
1 5971
1 6111
2 4376
2 5898
2 8035
2 6898
1 3156
1 5344
2 508
2 3814
1 9250
1 7603
2 4582
1 9488
2 8787
1 8208
2 4768
1 7795
2 5617
2 9679
2 5101
2 4276
1 5954
2 6121
2 8102
2 2780
2 2262
1 8549
2 3032
1 8923
1 6463
2 4603
2 9552
1 9345
1 6316
1 3522
1 2369
2 6623
2 1744
1 7802
2 6354
1 6413
2 8726
2 7545
2 3310
1 5837
1 6489
1 5850
2 400
2 5267
1 2263
2 1285
2 6167
2 6284
1 4484
1 4643
1 8134
2 1537
1 9918
2 7071
1 3589
1 8669
2 8478
2 6627
2 6511
2 3144
1 4911
1 4245
1 7932
2 7094
2 2468
2 8870
2 7076
2 3866
2 829
1 6954
2 9338
1 3375
1 9324
2 5314
2 8106
1 6948
2 3637
2 7977
2 4198
2 6874
1 3720
2 6870
1 4003
1 4681
2 7762
2 181
2 1221
2 8395
2 2116
1 4246
2 3286
2 2706
1 5813
1 9822
2 4036
2 4868
1 9273
1 6795
1 9684
1 7673
2 1998
1 7839
2 2236
1 8239
2 7820
2 5753
2 3308
2 9937
2 3411
2 903
1 9074
1 3268
2 3784
1 7394
2 5674
1 6440
1 4763
1 9070
1 4277
1 7250
2 6018
2 7791
1 4412
1 7096
2 1613
1 3615
2 6345
1 6781
1 5007
2 9903
1 2623
2 2291
1 2152
2 9383
1 3018
2 317
1 8380
2 1434
1 9492
2 5061
2 1973
2 2412
2 3517
1 6842
2 6327
2 1502
2 6932
2 3246
1 8234
1 6412
2 2193
1 8105
1 4470
1 2021
2 6963
1 4964
1 3814
2 9743
1 2940
2 986
1 7897
1 3153
2 5677
2 4612
2 7593
1 8443
1 9781
2 1325
2 214
1 6223
2 9514
1 9115
2 8744
1 8269
1 5278
1 3470
1 6341
2 2719
1 3164
1 7462
1 7141
2 7458
1 6094
1 4139
1 3370
1 9710
2 5668
2 7734
2 5459
2 9476
1 2323
1 3114
2 7113
2 9649
2 2737
1 4348
1 7166
1 5104
2 6470
2 1028
2 9721
1 4403
1 3493
1 9567
1 9359
1 9003
1 7819
2 3965
1 8647
1 6351
1 2722
2 7505
2 2229
2 3353
1 4739
2 83
2 6595
2 5329
2 8334
1 5925
1 2496
2 1750
2 8509
2 8998
2 8305
1 7268
2 1204
2 4173
1 9691
1 7595
2 2904
1 5882
2 373
1 7187
1 3390
2 8547
2 939
2 563
2 8462
1 2365
2 6758
1 3203
2 6431
2 4866
2 6679
1 8233
1 7626
2 4407
2 6419
2 6875
1 6761
1 5750
2 1341
2 4540
2 2849
2 727
2 4709
1 7305
2 483
2 2344
1 4236
2 2788
2 4478
2 5331
2 952
1 5520
1 9076
2 6715
2 7146
2 6866
1 7153
2 5086
2 3589
1 4523
1 4053
1 8248
2 9481
1 8507
1 3566
1 7993
1 3577
1 4399
2 4589
2 2758
2 4463
2 3394
1 7515
2 680
1 3570
1 8018
1 3323
1 3353
2 6505
2 6556
2 7947
1 5666
2 1921
2 9139
1 6000
2 7683
2 3697
1 6318
1 3839
1 8426
2 7337
2 5982
1 4051
1 4736
2 1492
2 7722
1 8892
2 3279
1 7745
1 9379
2 7452
2 5236
2 2476
2 8494
2 1999
1 8442
2 1026
2 9919
2 106
1 4821
2 4063
1 9183
1 5743
1 5125
1 8050
2 9828
1 2481
2 6956
2 2606
1 9171
2 3514
1 4446
1 3133
2 4414
2 7514
1 9213
1 3634
2 8775
2 7082
1 3447
2 1011
1 8667
1 5739
2 3673
2 4551
2 875
1 6278
1 6425
1 4952
2 5401
1 5651
1 9500
2 6028
2 5125
1 2922
1 6252
2 6457
2 870
2 1478
2 1810
2 4220
2 3193
2 167
1 7287
2 8419
1 8595
1 3519
2 6841
1 3264
2 503
2 3400
2 3576
1 6497
2 8866
2 2379
2 1135
2 4998
2 29
1 2782
1 9558
2 9748
1 9350
2 5248
1 4858
2 8924
1 9915
1 8962
2 7121
1 9444
1 3254
1 4705
1 7442
1 7744
2 979
1 3163
1 5711
2 4142
1 5226
2 1333
2 7770
2 581
2 4339
1 2019
1 4946
1 7803
2 649
2 7569
1 2027
2 582
1 3210
2 68
2 9637
1 4774
2 4068
1 5022
1 8206
2 2401
2 8994
2 9896
1 8544
1 9007
2 7942
1 9929
1 5024
1 3965
1 3505
1 8099
1 3512
2 3167
2 638
2 5555
2 5761
2 9648
2 8511
1 3062
1 4203
1 5077
2 5114
1 2668
2 1181
2 365
2 8365
1 3914
2 1510
2 4412
2 1650
2 8937
1 9264
2 1718
1 3201
2 4132
1 2573
1 9298
2 9430
2 5440
1 7860
2 124
1 5382
2 4531
1 9268
1 2041
1 2127
2 2380
2 3787
2 2239
2 7525
1 7144
2 1318
1 2340
2 6297
1 5681
2 7439
2 5466
1 8939
2 1379
2 392
1 8190
2 834
2 8189
2 3977
2 5782
1 8200
2 6642
2 9506
1 5402
1 7663
2 2869
1 6926
1 6345
2 6562
1 4511
2 2731
2 4436
2 5777
1 9782
1 3094
2 2884
1 5920
2 9967
2 9767
2 3106
1 2813
2 3783
2 4809
1 3178
2 1541
2 6739
1 3021
1 2213
2 9904
1 2765
2 3123
2 7046
2 4265
2 7457
2 8983
2 5509
2 4087
1 3994
1 6396
1 2277
2 151
1 7433
1 4845
2 5654
2 3938
2 4856
2 95
2 2909
1 2886
1 3397
1 4427
1 5783
2 5434
1 2345
2 5660
2 8874
2 2637
2 6862
2 3391
1 6834
2 8207
2 866
1 4079
2 4419
1 6174
1 7581
1 5106
1 9109
1 9966
1 6633
2 1053
2 7190
2 8658
1 5328
1 5448
2 9315
1 5749
1 7607
1 5867
2 514
2 3792
1 7162
1 9936
1 3515
1 2986
2 9491
2 4054
2 8863
2 6735
1 5771
2 1991
2 3021
1 8014
1 6806
2 7552
2 9540
2 6002
2 593
1 5945
2 6613
2 1176
1 5192
2 1966
1 5939
1 5425
1 3417
1 8289
1 5680
2 7462
1 8201
2 1539
2 2035
2 7572
2 9490
1 8672
2 3611
1 2161
1 7101
2 7693
1 7773
2 6320
2 2400
2 3153
2 5618
2 1032
2 8524
2 976
1 5625
1 6348
2 940
2 1051
2 7448
1 8302
1 4088
2 656
2 7419
2 327
1 5178
1 3766
2 664
2 1798
1 2501
2 6969
1 8236
2 9116
1 9969
2 2673
1 8604
1 9803
2 1127
2 7673
2 6040
1 8822
2 5526
1 5467
1 6667
2 5106
2 22
2 9056
1 2720
2 626
1 8593
2 8731
1 4613
2 7849
1 3746
1 3529
2 9765
1 9422
2 5404
2 7989
1 6082
2 3201
1 9756
2 4914
1 3776
1 8708
2 874
1 7379
2 8447
1 7309
1 7383
1 5886
2 6458
1 6200
2 1715
2 729
1 3694
1 4742
1 3465
2 114
2 8304
1 9262
1 4204
2 8714
1 5777
2 7106
1 9322
2 7941
2 3058
2 9134
1 7467
1 2428
1 2912
2 4970
2 3849
1 4043
2 1073
1 9747
2 8343
1 7764
1 7506
2 3324
2 4440
1 3388
2 1992
2 2915
2 937
2 8108
2 6315
1 5887
2 1269
2 7019
2 1217
2 8632
1 6662
2 2392
1 6135
1 8457
1 4680
2 6661
2 7260
2 4395
2 3549
2 9204
2 8073
1 5400
2 2817
2 1463
2 6034
2 1021
2 6730
2 9496
2 3789
1 6448
2 4446
1 5649
1 4460
2 9269
2 1804
2 6502
1 5521
2 4980
2 8200
2 7786
1 4163
1 9128
2 5332
2 8657
1 2064
1 4056
2 732
1 5918
1 5132
1 5105
1 5776
1 9595
2 4920
2 3420
2 2853
1 4344
2 4927
1 9868
1 3551
2 3383
1 5512
2 8529
1 7503
2 6600
1 8301
1 2107
1 6125
1 5667
2 1533
2 1019
2 387
1 2143
2 6111
1 2626
1 4966
1 5157
1 2271
1 2455
2 778
1 8543
1 9660
2 8345
2 8391
1 8296
1 7051
1 9652
2 7787
2 3942
1 7456
2 9084
1 2825
2 604
1 4796
2 6415
2 3369
2 8086
2 1130
2 2665
1 8664
2 8130
1 7482
2 8217
2 7690
2 665
2 3228
2 8389
1 3891
2 1183
2 5392
2 637
1 8050
2 5188
2 5317
1 9762
2 8652
1 2687
1 2086
2 6033
1 9033
2 3785
2 4754
2 4426
2 5506
2 998
2 6048
2 2611
2 3542
2 6901
2 1337
1 3528
1 6136
1 4901
1 9246
2 4125
1 2078
2 3190
1 6258
1 5820
2 4506
2 3217
1 9482
2 6849
2 975
2 8270
2 4996
1 4606
2 1121
1 9784
1 2584
2 837
2 682
2 6469
1 4586
2 5425
1 3616
2 4953
1 6617
1 2619
1 6188
1 9988
2 3347
1 3864
2 1321
2 6191
2 5131
2 5378
2 7855
2 8552
1 9855
2 9559
2 9543
1 7893
2 7991
1 3688
2 1501
2 7403
2 3908
1 9976
1 9998
1 6209
2 4988
1 6078
1 5947
2 6684
2 6332
1 7643
2 7794
2 2393
2 3896
2 1278
1 8611
1 3679
2 3098
2 3700
1 4999
2 4972
1 2351
2 2365
1 9585
2 9428
1 9697
1 6579
1 2755
1 9214
2 3763
1 8434
2 4151
1 7298
1 2125
2 2274
2 9160
1 9964
1 5258
2 6508
2 5995
2 6234
2 7731
1 3665
1 6851
1 3416
1 6893
2 9276
2 6236
1 5348
2 722
2 5547
2 4020
2 3392
1 7855
2 3891
2 5876
1 9779
1 3076
2 743
1 4406
1 3553
1 7332
1 6373
2 5727
2 1050
1 3430
1 6268
1 9161
1 5775
1 7020
1 3337
1 5189
1 2129
1 8351
2 7986
1 3484
1 4214
1 6876
2 8825
1 5519
2 8533
2 2415
1 9965
2 4831
2 3161
2 5750
2 5014
2 562
2 7203
1 3151
2 1910
2 5769
2 977
2 967
1 2846
1 2306
2 8813
2 9231
1 4772
1 7224
2 5520
2 1276
2 4718
1 7547
2 2138
2 7573
2 3386
2 9167
2 5907
2 5580
1 7600
2 459
2 213
1 2459
2 1587
1 6915
1 5969
2 2416
2 6
2 4560
2 728
1 7703
2 8976
1 3951
1 8692
1 9200
1 3783
2 7892
2 7393
1 8795
1 8266
1 3359
2 9021
1 9715
1 7010
2 1074
1 2679
2 1585
2 3218
1 8062
1 4819
1 7837
1 8463
2 2111
1 3009
2 3740
2 1101
2 2014
2 9211
2 4648
1 9160
1 2756
2 1702
2 2056
2 4249
1 3940
1 5686
2 4606
2 3585
2 6209
2 4358
2 8047
1 4648
1 2042
2 2667
2 8506
2 5821
1 8929
2 9630
2 6575
2 2774
2 6147
2 646
2 4510
1 4896
2 776
2 4219
1 9021
1 8176
1 2629
1 8878
2 1862
2 4837
1 4324
1 8412
2 9179
2 7729
2 1527
2 4667
1 9477
1 7481
2 6412
2 231
1 8986
1 7122
1 6290
1 4958
1 2709
2 1443
2 9072
2 8760
2 2786
2 2216
2 297
2 6601
1 4350
1 2097
2 2424
2 1046
1 2758
1 9518
1 7946
1 4595
2 8711
2 6814
1 4211
1 6146
2 7385
2 9015
2 9889
1 9356
2 502
2 3545
1 6547
2 3104
2 6696
1 3160
1 5463
2 4934
2 2095
1 8283
1 4635
1 4542
2 5015
1 7731
2 4969
2 7432
1 3546
2 4870
2 7983
1 2220
2 5109
2 5958
2 5044
1 7259
1 2925
1 6723
2 7564
2 6529
1 6597
1 6500
2 3117
1 9631
2 5662
2 8958
2 1109
1 3640
1 8138
2 9020
1 9933
2 6722
1 9090
2 6432
1 4519
1 8610
1 3381
2 4945
1 8767
1 9378
1 4193
2 6164
2 5517
1 2530
1 4725
2 1010
2 3443
2 230
1 4036
1 5172
2 4710
1 7126
2 821
2 1185
2 8154
1 2669
2 969
2 9085
1 9233
2 1137
1 3673
1 7080
1 9358
1 9094
2 1248
1 5145
2 8201
2 5587
2 1289
2 4520
1 6960
2 572
1 8540
2 1927
2 3599
2 19
2 4735
1 8990
1 2836
2 9541
1 7359
2 3016
2 7178
1 8530
1 7519
1 6498
2 6493
1 6957
2 7264
1 5540
1 4847
2 3370
1 4275
1 3641
1 9463
1 9537
2 2844
2 4053
1 3450
1 9967
2 7057
1 5509
2 2469
2 2708
1 3037
2 416
1 3584
2 9365
1 2174
2 7312
1 9436
2 3547
2 5363
2 3393
2 6738
2 2878
1 3392
2 5781
1 3252
1 9853
1 9494
1 9609
2 1031
1 7059
2 8893
2 6186
2 3764
1 5862
1 3771
1 2735
2 2362
1 6892
1 7420
2 552
1 5747
1 4260
1 9475
2 7665
1 7160
2 5911
2 5349
1 5982
1 3518
1 3118
1 7633
1 5204
2 8442
2 7663
2 5641
1 5481
2 4747
1 5642
2 1378
2 7592
1 5984
1 2147
2 2282
2 1344
1 5565
2 515
2 5066
1 5374
1 9487
2 5000
2 7621
1 3637
2 2063
2 9740
2 4885
2 3342
2 7283
1 4603
1 9238
2 2390
2 6022
1 4645
2 3425
2 3670
1 8304
1 8970
1 8440
2 7266
1 2036
2 5287
2 789
1 5562
2 5810
2 9328
2 1328
2 2854
2 2807
2 7783
1 8070
2 2698
2 4593
2 1529
2 5485
2 7338
1 8468
1 2899
1 8934
1 4776
1 5283
2 3778
2 6772
1 3006
1 4660
2 6750
2 3696
1 8944
1 5972
1 2868
1 4969
2 6796
1 5360
1 7023
1 7851
1 5663
2 2028
2 5926
2 5146
2 3579
1 4075
1 5301
1 6084
1 9216
2 6433
1 2225
2 1986
2 9059
2 2743
1 7439
1 9267
1 2820
2 4766
2 6806
2 4176
2 2130
1 2878
2 9858
2 8638
2 2150
2 4131
2 5209
2 2161
2 5862
2 4158
2 6843
2 1404
2 78
1 2489
2 8147
2 1083
2 5609
1 9987
1 5974
2 9729
1 2566
1 7306
1 3198
2 1530
2 5738
2 600
2 96
1 6108
2 6746
1 3874
2 6861
1 2908
1 6870
2 3093
2 5326
1 6923
1 8486
2 2619
2 916
2 4320
1 6785
1 7615
2 5966
1 6702
1 9973
1 5168
1 5457
2 5582
1 4496
2 5596
1 6344
2 7582
1 8728
2 6160
1 4612
2 5504
2 577
2 6807
2 5675
2 2976
1 4650
1 3138
2 2260
1 8332
2 26
1 2307
2 2546
2 9531
1 2568
2 9995
1 3912
1 4803
1 4694
1 7017
1 8904
2 3565
1 9446
2 5347
2 9655
1 5514
1 4311
2 8808
1 9713
1 6212
1 2476
2 6933
1 2081
2 9344
2 4890
2 8487
1 4657
2 8352
2 9686
1 7610
2 2411
2 6362
1 3952
2 261
1 5070
2 4365
2 5491
2 6837
1 6845
2 5223
2 7258
2 2513
1 5787
1 9681
2 5932
1 9245
2 7645
1 7770
1 3871
2 7613
2 9061
2 5435
1 6773
1 6574
2 9727
2 8473
2 5092
1 4467
1 8374
2 2305
1 6090
2 8514
2 6117
2 5881
2 4790
1 9403
1 7876
1 9943
1 9096
1 2618
2 7925
1 3744
1 3703
2 4812
2 2732
1 9516
1 5714
2 6176
2 6972
2 2237
2 774
1 2620
2 7484
1 4105
2 791
1 4922
2 1958
2 9228
2 7583
1 2531
1 6970
2 8045
2 1487
1 2879
2 3242
1 2875
1 9712
1 8697
2 4734
1 7670
1 6938
2 7124
1 4869
1 2087
1 2208
2 3636
2 8666
2 9018
1 6357
2 5679
2 5199
1 9870
2 6649
1 4228
2 8223
2 7295
1 8508
1 4758
1 5588
1 8290
2 1809
1 6881
2 8064
2 6994
1 4893
2 1475
2 5257
2 6590
1 5012
1 6677
2 7279
2 7161
2 1787
1 3200
2 384
2 5523
2 6249
2 8121
2 7410
1 6918
1 6713
1 2920
1 7874
1 6841
1 7040
2 4707
1 2649
2 6399
1 5693
1 6052
1 2906
2 6093
1 3646
2 3633
1 2305
2 3256
1 4629
2 573
1 4191
2 1391
2 6840
2 7560
2 147
1 6168
1 5973
2 8191
2 1638
2 8273
2 8137
2 6929
1 2599
1 5899
2 5931
2 8249
1 7661
1 3204
2 2500
2 7315
2 69
2 9177
1 3569
2 6238
1 6169
1 3597
2 1232
2 5512
1 9533
2 6405
1 5677
2 7865
1 6692
1 5958
1 4239
1 2727
1 8956
1 6102
1 7669
1 2913
1 8875
2 340
2 4617
2 9692
2 631
1 2429
2 4240
2 5702
2 5198
2 928
1 8982
1 9637
1 4369
2 2117
1 4558
1 3960
2 1301
1 6659
2 4380
2 7255
2 279
2 2534
2 7998
1 7232
2 1376
2 2709
1 5475
1 7815
2 5987
2 1370
2 4281
1 3326
2 1309
2 9804
1 2262
2 7140
2 4153
1 3894
2 3660
2 3434
2 2762
1 4886
2 1191
1 9185
2 660
2 6198
2 6334
2 3717
2 2054
1 2516
2 9803
1 8636
1 6061
1 6956
2 430
2 172
2 3091
1 6312
1 3729
2 880
1 3113
1 8047
1 8861
2 1551
2 995
2 6444
1 4861
1 4012
2 8991
2 9669
2 7996
2 2140
2 7588
2 2597
1 2435
1 9470
2 3760
2 7167
2 974
1 6408
2 2335
1 7366
2 51
2 9079
1 3309
1 7715
1 7479
1 8707
2 6826
2 3970
2 8190
2 3798
2 1193
2 4521
2 6477
2 1721
2 1067
2 6330
2 2128
1 3770
2 1923
1 7706
1 9106
1 8267
2 2049
2 1703
2 4462
1 8363
2 9227
2 9927
2 1689
1 4918
2 4302
1 8796
2 2133
2 3721
1 8816
2 9318
1 7898
2 2895
1 9828
2 963
1 6614
2 9267
1 4405
1 5798
1 3689
2 5819
2 5824
1 6817
1 2572
1 2040
2 9874
1 6353
2 5984
2 3935
1 5404
1 6775
1 2184
1 9166
2 5628
2 1117
1 8406
1 9009
2 2754
1 3187
1 2583
1 6553
1 6455
1 2136
2 3073
1 7975
1 6508
2 999
1 5634
1 9459
2 3297
2 1145
1 7889
2 2433
2 1482
2 5478
2 775
2 6375
2 3846
1 7473
2 4615
2 8742
2 296
1 7168
1 3225
1 9948
1 5118
2 1728
2 1202
2 7842
1 7320
1 3266
2 4498
1 5696
1 3735
2 4076
1 2312
1 5323
1 9540
2 7567
2 1664
2 1018
1 7734
2 3440
2 6974
2 7520
1 2833
1 2214
2 5939
1 8079
2 4632
1 4775
1 3736
2 8007
1 8649
2 7238
2 4946
2 4912
2 9212
2 1092
2 6941
1 2422
2 1247
1 4504
2 7969
1 5053
1 3088
2 9863
2 8081
1 7165
1 7622
2 1937
2 7380
1 9841
2 9544
2 8262
2 7908
2 5437
2 6110
2 1783
1 9775
1 7159
1 3926
2 4496
2 1042
2 1298
2 3188
2 2324
2 9618
1 7636
2 4074
2 7010
2 4135
1 6450
1 9289
2 6395
1 5015
1 2274
1 4743
2 1618
1 7177
1 5002
2 5972
1 6871
2 8429
1 3283
2 2090
2 9822
2 9104
1 5018
1 7067
2 3149
2 6060
2 3453
2 4788
1 6525
2 645
2 2453
2 2254
2 4486
1 8769
2 7494
1 6405
2 1140
2 2103
2 6913
2 9444
2 3255
2 9566
1 7551
1 3938
2 1596
2 3786
1 3040
2 3154
2 3165
1 7413
2 6608
2 5615
2 8066
2 144
2 9182
1 3328
1 2446
1 4787
2 7813
2 635
1 7286
2 3754
1 2100
2 3311
1 8826
2 6437
2 6325
2 6023
2 3200
1 4334
1 5112
2 1219
1 7474
2 4537
1 7372
1 6649
2 3519
2 8241
2 4311
1 8880
1 7599
2 175
2 8996
2 1792
2 9316
1 5573
2 3263
2 8167
2 3623
1 8603
1 7281
2 2346
2 7862
1 5742
1 5548
2 7422
2 4012
2 2195
2 2656
1 7346
2 8245
2 4475
2 7629
2 1990
2 7421
1 4939
2 4065
1 2717
1 9048
2 1512
2 7685
2 6348
2 1400
2 4332
1 3656
1 9051
2 216
1 5903
1 5339
2 8063
1 4351
2 592
2 3607
1 6628
2 5058
2 4857
1 3722
2 7148
2 7763
1 9751
2 1418
1 3516
1 4566
2 7627
2 6056
2 6500
2 3476
1 9900
2 3652
2 2765
1 4062
1 9772
2 5588
1 7912
1 8472
2 2911
2 3954
2 1195
2 5139
2 88
2 5153
1 8386
1 2957
2 8717
2 1749
2 1129
1 8824
1 7844
1 8665
2 93
1 3019
2 9047
1 3827
2 6106
1 3706
2 5278
2 6894
1 7008
1 4978
1 3209
2 3923
2 3497
1 8555
1 3105
1 3319
2 7384
2 7723
2 3055
2 9329
2 5812
2 6530
1 8346
2 559
2 4903
2 2778
1 3020
1 9638
1 5449
2 4627
1 9274
1 7835
2 9429
2 4236
2 9574
2 2347
2 871
2 3382
1 6319
1 6392
1 3885
2 2794
1 4614
1 7150
2 704
1 8229
1 2404
1 5581
1 3787
1 5317
2 7926
2 2162
1 9639
1 8431
2 2931
1 9583
2 9438
1 7193
1 9640
1 2291
2 7853
1 4134
2 3955
2 241
2 5560
1 2392
2 3756
1 7666
1 8074
1 4806
2 8643
1 9753
1 8073
2 1732
2 555
1 8121
2 1373
1 5986
2 4883
1 4388
2 8750
1 9883
1 3813
2 6903
1 9401
1 6719
1 3217
2 281
1 8276
2 9854
2 4090
2 1403
2 5646
2 2363
1 4135
1 6888
2 6698
1 9240
1 5155
2 5429
1 3939
1 8053
1 8077
2 4587
1 4032
2 3949
2 1826
2 3773
1 5833
2 3012
2 697
2 3705
2 1607
2 642
2 8798
1 5028
1 3389
1 9164
2 7254
1 4647
2 4908
1 2697
2 3782
1 9365
1 9590
1 6816
1 5445
1 7253
2 4333
1 2257
2 5817
2 6318
2 349
2 3442
1 9018
2 3566
2 7811
1 5235
2 2892
2 4550
1 5928
1 2605
1 7550
2 3107
1 2574
1 5222
1 6694
1 6449
2 4228
1 7747
2 954
2 3572
2 1500
1 9010
2 4310
2 8414
1 3185
1 6330
1 6133
1 6518
2 4105
2 8404
1 8768
1 2893
2 8982
2 6998
1 8372
2 4247
1 7838
1 3513
1 9471
2 5356
1 5464
2 3423
2 460
1 7235
1 9546
2 7320
2 1634
2 3987
1 9123
2 7249
2 1671
2 6567
2 6561
2 8702
2 8642
1 6216
2 3181
2 7276
2 1361
1 2151
1 2638
1 5765
2 6416
2 2908
2 684
1 5151
2 5954
1 9787
2 5183
2 8855
1 2580
2 889
2 7912
2 8368
2 3692
2 8409
2 1805
2 1151
1 2864
2 7541
2 2561
2 5186
1 2200
2 3424
2 2204
2 4422
1 9544
2 2631
2 9250
1 6453
1 6063
2 5324
1 9499
2 2209
2 9653
2 8641
1 2438
1 4567
2 186
1 2601
2 1988
2 1574
1 6989
1 8749
1 7511
2 5071
2 1134
1 9873
1 2216
1 5088
2 5545
2 4096
1 4229
2 3010
2 4536
2 2300
2 9680
1 5031
1 8031
2 164
2 9133
2 4816
2 8465
1 5198
1 9597
1 8474
1 4870
2 2104
1 9722
1 4423
2 6579
1 5167
2 4171
1 2090
1 7123
2 9887
1 8373
1 4712
2 7311
2 510
1 6875
2 8896
2 5348
1 8170
1 5628
2 6611
2 8276
1 8666
1 5236
2 4050
2 3289
2 3248
1 7598
1 9017
2 484
2 9272
2 2573
2 4480
1 9665
1 3588
2 3269
1 5604
1 4767
1 8565
2 3996
1 2801
1 6570
2 5034
2 8070
2 7579
1 9937
2 5897
1 9451
1 6060
2 7181
2 1855
1 5603
2 5541
2 6250
1 6360
2 4479
1 4813
2 5914
2 841
1 2203
2 3940
2 1497
1 3905
2 6958
1 3986
2 6938
2 4757
2 1071
1 6997
2 5888
1 3876
2 602
1 2632
2 5717
2 366
1 2998
1 3514
2 1182
1 3823
2 6438
1 6676
2 5604
2 9954
1 3073
2 8598
2 6241
1 4233
2 2089
2 20
1 5647
1 3639
2 7047
1 4044
2 157
2 4717
2 1449
2 9068
2 7048
1 5384
2 807
2 8335
1 7788
1 6747
1 8467
2 5251
2 2981
1 9955
1 6096
2 5157
1 3705
2 1272
2 6798
2 7067
2 3099
2 5242
1 2134
2 6585
1 4138
1 4668
1 6768
2 6073
1 8436
1 7958
2 7359
1 5854
2 3509
2 6964
2 6277
1 9229
1 7351
2 8620
2 3925
1 2733
1 6192
2 7493
1 6706
1 4301
2 9053
1 8913
1 6481
1 2545
2 7031
2 5383
2 3359
1 6356
2 3668
