1 1045
1 312
1 526
1 678
1 866
1 955
1 1409
1 564
1 726
1 1238
1 644
1 339
1 8
1 102
1 826
1 271
1 11
1 932
1 578
1 631
1 709
1 527
1 607
1 725
1 1470
1 887
1 82
1 1476
1 496
1 623
1 1004
1 858
1 389
1 1381
1 792
1 588
1 392
1 22
1 977
1 10
1 115
1 188
1 1411
1 867
1 1358
1 1027
1 1371
1 1302
1 445
1 809
1 246
1 1251
1 1028
1 328
1 658
1 692
1 1478
1 976
1 1228
1 639
1 616
1 842
1 492
1 343
1 1347
1 1305
1 1017
1 1164
1 314
1 583
1 144
1 821
1 585
1 637
1 1344
1 1114
1 771
1 60
1 1301
1 1034
1 1434
1 455
1 735
1 335
1 191
1 851
1 54
1 464
1 1125
1 1102
1 1458
1 202
1 1382
1 542
1 424
1 852
1 622
1 1364
1 1312
1 56
1 196
1 1450
1 1468
1 1035
1 1096
1 467
1 635
1 518
1 736
1 1221
1 135
1 48
1 148
1 733
1 1278
1 1379
1 1299
1 750
1 217
1 49
1 160
1 899
1 294
1 573
1 1255
1 1053
1 1068
1 395
1 626
1 137
1 298
1 553
1 834
1 168
1 482
1 1170
1 1494
1 1366
1 841
1 154
1 660
1 1298
1 1075
1 175
1 755
1 1156
1 273
1 50
1 79
1 1181
1 1161
1 827
1 557
1 1287
1 1219
1 1281
1 170
1 1107
1 666
1 1252
1 712
1 872
1 155
1 440
1 1206
1 509
1 394
1 758
1 1087
1 1432
1 1131
1 1078
1 720
1 538
1 1453
1 581
1 1178
1 1419
1 642
1 1014
1 781
1 1058
1 774
1 1245
1 28
1 26
1 23
1 1442
1 239
1 14
1 991
1 1374
1 1186
1 920
1 1274
1 691
1 1113
1 973
1 992
1 491
1 169
1 1367
1 917
1 290
1 111
1 101
1 181
1 149
1 1180
1 956
1 1359
1 601
1 174
1 177
1 281
1 59
1 399
1 861
1 972
1 296
1 80
1 238
1 825
1 570
1 418
1 2
1 1231
1 624
1 993
1 566
1 528
1 1341
1 286
1 1369
1 220
1 1175
1 468
1 241
1 1489
1 136
1 183
1 1179
1 1025
1 748
1 1166
1 152
1 1119
1 150
1 1159
1 385
1 521
1 78
1 698
1 52
1 930
1 1220
1 937
1 1444
1 33
1 996
1 1277
1 322
1 569
1 1338
1 609
1 1091
1 677
1 764
1 734
1 1240
1 71
1 507
1 1022
1 693
1 293
1 396
1 203
1 25
1 598
1 1496
1 1428
1 908
1 1467
1 1295
1 280
1 905
1 1296
1 552
1 562
1 1154
1 47
1 1288
1 1314
1 1157
1 676
1 806
1 1126
1 24
1 789
1 1195
1 342
1 53
1 1273
1 1316
1 106
1 1136
1 559
1 62
1 954
1 1077
1 965
1 582
1 679
1 278
1 1052
1 46
1 356
1 913
1 384
1 776
1 489
1 853
1 1239
1 1308
1 151
1 702
1 1282
1 221
1 1097
1 166
1 989
1 793
1 1173
1 832
1 894
1 494
1 167
1 304
1 334
1 405
1 503
1 1049
1 889
1 1142
1 122
1 1149
1 1100
1 378
1 218
1 672
1 240
1 1446
1 602
1 634
1 311
1 404
1 653
1 1412
1 739
1 980
1 1023
1 1495
1 1460
1 791
1 1348
1 44
1 742
1 1016
1 153
1 1092
1 752
1 988
1 375
1 957
1 563
1 3
1 1122
1 250
1 319
1 794
1 807
1 1499
1 779
1 244
1 499
1 1247
1 1262
1 1089
1 1094
1 96
1 1235
1 1000
1 946
1 893
1 892
1 163
1 1413
1 277
1 1360
1 816
1 1211
1 1003
1 628
1 253
1 248
1 1032
1 408
1 1401
1 425
1 952
1 417
1 74
1 1218
1 502
1 546
1 1291
1 648
1 488
1 427
1 556
1 94
1 178
1 811
1 292
1 1318
1 143
1 117
1 910
1 162
1 970
1 762
1 495
1 865
1 1006
1 767
1 1334
1 205
1 224
1 70
1 740
1 958
1 822
1 365
1 1322
1 945
1 1378
1 785
1 308
1 882
1 1074
1 430
1 950
1 216
1 831
1 1147
1 918
1 914
1 880
1 768
1 180
1 272
1 948
1 212
1 456
1 1153
1 1313
1 1167
1 345
1 797
1 367
1 124
1 878
1 9
1 19
1 360
1 608
1 963
1 477
1 1456
1 289
1 1069
1 1101
1 1047
1 599
1 844
1 1176
1 1205
1 1270
1 254
1 680
1 1121
1 1233
1 1212
1 182
1 728
1 419
1 647
1 1111
1 1441
1 1399
1 1226
1 1080
1 185
1 200
1 886
1 1438
1 687
1 288
1 1491
1 1093
1 1256
1 37
1 863
1 1197
1 247
1 1095
1 66
1 1065
1 359
1 1066
1 179
1 1163
1 1044
1 242
1 617
1 1292
1 90
1 91
1 595
1 1386
1 376
1 747
1 510
1 478
1 1140
1 1208
1 539
1 1427
1 337
1 862
1 1422
1 1339
1 1086
1 969
1 614
1 1455
1 654
1 953
1 685
1 266
1 998
1 497
1 716
1 545
1 1363
1 1345
1 227
1 652
1 252
1 349
1 1265
1 788
1 1060
1 962
1 1209
1 1477
1 316
1 701
1 459
1 1146
1 659
1 361
1 1203
1 97
1 1051
1 560
1 732
1 113
1 1061
1 804
1 1030
1 398
1 1133
1 1105
1 1263
1 838
1 95
1 1415
1 260
1 719
1 536
1 1463
1 228
1 850
1 1447
1 633
1 382
1 192
1 1059
1 985
1 387
1 1110
1 1294
1 108
1 1079
1 1418
1 900
1 310
1 189
1 381
1 643
1 1336
1 629
1 1189
1 1474
1 1064
1 847
1 262
1 1090
1 145
1 1266
1 818
1 929
1 1196
1 475
1 1424
1 741
1 515
1 109
1 1229
1 1417
1 625
1 1380
1 1242
1 447
1 1469
1 1326
1 410
1 1483
1 329
1 572
1 1486
1 1046
1 302
1 45
1 516
1 161
1 1192
1 1416
1 4
1 650
1 1250
1 1307
1 1362
1 372
1 1018
1 472
1 449
1 1377
1 1223
1 1392
1 251
1 1268
1 371
1 1290
1 1055
1 1141
1 283
1 1400
1 596
1 1373
1 6
1 370
1 232
1 204
1 773
1 997
1 922
1 36
1 1406
1 364
1 681
1 236
1 756
1 514
1 875
1 176
1 939
1 874
1 982
1 295
1 1109
1 710
1 655
1 377
1 686
1 307
1 1042
1 99
1 769
1 1029
1 1200
1 1115
1 1215
1 586
1 42
1 403
1 38
1 131
1 138
1 116
1 29
1 533
1 511
1 1426
1 226
1 437
1 1177
1 1144
1 1207
1 368
1 723
1 1120
1 435
1 69
1 590
1 1072
1 65
1 592
1 1217
1 711
1 171
1 907
1 210
1 600
1 912
1 493
1 351
1 727
1 338
1 835
1 1349
1 98
1 1162
1 1261
1 215
1 964
1 1423
1 258
1 919
1 476
1 127
1 574
1 846
1 1135
1 1264
1 423
1 669
1 490
1 829
1 333
1 1368
1 1335
1 981
1 925
1 664
1 128
1 190
1 1070
1 661
1 436
1 845
1 508
1 1019
1 902
1 761
1 1407
1 675
1 1330
1 1390
1 27
1 369
1 172
1 123
1 1289
1 380
1 800
1 1311
1 525
1 470
1 1257
1 1304
1 783
1 1182
1 439
1 407
1 941
1 264
1 1258
1 1461
1 1479
1 1457
1 207
1 1331
1 1385
1 772
1 211
1 409
1 1421
1 1216
1 422
1 1138
1 895
1 1410
1 620
1 935
1 1253
1 1481
1 61
1 268
1 195
1 1062
1 213
1 1043
1 1394
1 374
1 697
1 1429
1 214
1 347
1 68
1 869
1 971
1 1143
1 1118
1 352
1 931
1 284
1 432
1 18
1 1222
1 1280
1 763
1 353
1 1376
1 344
1 921
1 157
1 859
1 1286
1 641
1 673
1 548
1 877
1 1275
1 1285
1 229
1 320
1 1057
1 484
1 297
1 159
1 40
1 715
1 1168
1 810
1 1490
1 738
1 959
1 897
1 72
1 1435
1 1488
1 249
1 632
1 1104
1 754
1 309
1 1333
1 753
1 1443
1 986
1 406
1 1073
1 460
1 1408
1 589
1 186
1 983
1 1098
1 465
1 1454
1 126
1 1033
1 1391
1 759
1 350
1 662
1 765
1 522
1 839
1 1191
1 1402
1 32
1 81
1 1284
1 1498
1 923
1 611
1 388
1 1198
1 1232
1 1187
1 1346
1 505
1 1244
1 1404
1 787
1 462
1 978
1 1355
1 699
1 820
1 1361
1 1112
1 1130
1 450
1 158
1 1439
1 104
1 968
1 780
1 519
1 967
1 461
1 541
1 306
1 1393
1 657
1 535
1 604
1 743
1 580
1 936
1 840
1 235
1 1387
1 287
1 700
1 324
1 1088
1 1246
1 638
1 1388
1 1190
1 173
1 1398
1 443
1 58
1 857
1 584
1 1365
1 340
1 35
1 909
1 426
1 1425
1 1356
1 55
1 870
1 1293
1 1384
1 613
1 615
1 346
1 911
1 933
1 551
1 1214
1 949
1 17
1 860
1 332
1 1337
1 1031
1 568
1 960
1 1482
1 947
1 843
1 267
1 999
1 431
1 1204
1 193
1 1370
1 16
1 88
1 110
1 1271
1 627
1 554
1 1472
1 303
1 1081
1 412
1 1329
1 1492
1 717
1 1015
1 798
1 34
1 434
1 760
1 446
1 927
1 501
1 766
1 451
1 354
1 975
1 13
1 649
1 1194
1 621
1 674
1 230
1 995
1 327
1 1160
1 134
1 442
1 1332
1 1328
1 523
1 142
1 269
1 558
1 317
1 1462
1 901
1 1269
1 1048
1 1315
1 640
1 1471
1 550
1 1303
1 414
1 282
1 1325
1 469
1 325
1 705
1 646
1 1050
1 940
1 129
1 1267
1 513
1 270
1 1225
1 745
1 133
1 543
1 645
1 1013
1 565
1 903
1 1012
1 256
1 571
1 1350
1 428
1 1172
1 1063
1 1272
1 73
1 255
1 871
1 530
1 512
1 544
1 819
1 1484
1 594
1 1036
1 576
1 1372
1 487
1 486
1 225
1 1279
1 5
1 688
1 84
1 222
1 868
1 1171
1 1357
1 593
1 721
1 1500
1 416
1 1083
1 1185
1 605
1 1188
1 1466
1 466
1 1210
1 21
1 386
1 884
1 849
1 67
1 86
1 1445
1 41
1 321
1 187
1 51
1 770
1 696
1 1497
1 31
1 194
1 448
1 944
1 782
1 64
1 1039
1 815
1 313
1 1137
1 777
1 695
1 836
1 112
1 1485
1 984
1 1103
1 814
1 1493
1 1464
1 285
1 118
1 201
1 206
1 520
1 198
1 994
1 1259
1 379
1 1300
1 883
1 473
1 540
1 233
1 390
1 904
1 612
1 532
1 713
1 140
1 1085
1 105
1 517
1 1260
1 730
1 1155
1 718
1 722
1 1297
1 896
1 263
1 938
1 132
1 1193
1 1132
1 796
1 318
1 164
1 481
1 817
1 1158
1 1082
1 1448
1 1475
1 1241
1 93
1 300
1 1254
1 231
1 855
1 413
1 261
1 1084
1 305
1 85
1 1317
1 795
1 1230
1 463
1 20
1 663
1 1343
1 1199
1 1452
1 885
1 1145
1 1227
1 934
1 881
1 961
1 805
1 299
1 1001
1 336
1 291
1 808
1 1309
1 77
1 1106
1 689
1 1465
1 315
1 942
1 667
1 1116
1 366
1 141
