1 5307
5 7362
3 6768
2 7378
5 7491
1 7398
4 6811
2 9184
1 871
5 5298
3 895
5 7085
3 6439
3 240
2 5572
3 5162
2 3886
1 1065
3 4190
4 3755
3 1923
2 6697
2 5784
1 1103
5 4650
2 1337
3 3190
1 3151
2 1062
1 5485
1 6464
5 697
4 5095
3 2960
5 9499
1 692
1 758
5 9946
2 1032
4 1199
1 5519
3 6985
4 3764
2 7896
5 7384
1 6720
3 5143
2 8029
1 1095
4 7697
3 4495
1 4916
4 242
1 7383
3 7036
3 7967
3 9038
1 7002
4 3133
5 7327
5 8917
1 3472
2 2869
5 4682
3 344
1 3235
1 2111
4 3279
1 1981
2 9762
3 4981
1 9798
2 1007
2 5444
2 2214
3 2695
1 6531
2 5618
2 7229
2 5733
1 1373
4 7388
5 5338
5 1901
2 2097
1 8442
5 8091
5 6296
3 7655
4 621
1 3534
3 7273
2 9615
1 8309
5 2982
1 565
3 8152
2 6483
2 4959
2 5398
4 2068
4 4613
2 5798
1 8681
3 2415
3 4336
5 4948
4 7998
1 5666
4 5087
3 179
5 3774
2 9592
1 4245
2 7533
5 4083
2 2691
5 6849
1 9646
1 8386
5 2902
4 6179
4 8878
2 1442
1 1114
2 6162
4 4282
5 1784
5 2160
5 980
4 8088
2 6535
4 1489
4 2725
2 6703
1 7686
4 4006
4 776
5 6992
2 5227
3 6209
5 7121
3 8185
1 9669
2 1593
2 9719
5 3580
2 7706
1 9881
4 5555
4 2193
2 2344
1 5489
1 6949
3 3332
2 4906
5 2090
3 8345
4 9537
2 1902
3 5761
5 6055
1 8417
1 3863
5 5904
2 4140
5 3018
3 4810
4 4718
5 5604
5 7026
4 6376
4 7383
4 551
4 3297
5 5464
4 7309
2 3152
4 1591
5 5037
1 9010
1 4559
2 3500
5 4952
1 5651
4 2151
4 80
2 2628
2 4502
1 4207
5 6647
1 8136
1 1228
2 9035
1 8679
2 6454
4 1286
1 7365
3 8506
4 6677
5 715
5 111
1 6533
4 2775
5 3639
1 4188
1 1481
4 5441
2 9696
3 6905
5 4841
1 3190
2 3245
1 1774
5 4686
1 4495
5 8611
1 49
5 4446
2 8747
3 8855
2 2402
5 3484
2 2181
5 7581
1 3897
4 6818
2 4108
4 2899
3 8214
3 4445
2 6727
2 3003
2 6230
2 592
4 6584
1 2559
1 8834
2 5383
2 6388
4 8431
4 7158
1 4056
3 3977
5 3531
5 7625
2 4354
4 9068
1 5090
4 8949
4 5423
5 157
5 5993
3 5409
2 4931
3 7744
4 2028
2 2806
5 2322
3 2779
3 8243
4 5787
3 6927
1 1795
5 4410
1 1302
1 1068
5 8696
2 3088
2 5551
5 9829
4 9753
2 1145
4 4434
1 2245
2 1662
2 9112
1 218
5 4776
1 667
2 6556
3 2995
2 2620
2 5885
4 4796
3 556
4 1621
1 1395
4 9652
5 9860
3 3054
4 9458
3 7497
2 4069
3 6744
5 2565
5 2861
5 2170
5 2047
4 9984
3 4391
1 9707
4 1764
2 7395
5 800
4 363
2 591
3 7657
4 5410
4 2893
2 5298
5 6921
2 8562
3 4948
5 2528
3 4178
3 3074
3 919
5 9044
1 8687
5 7299
4 8195
4 8891
1 434
5 8682
1 9369
2 2589
2 8106
5 3409
5 7246
4 6296
4 2926
2 6033
3 3466
3 4616
1 9174
2 482
1 1879
3 6574
3 2848
4 8965
4 9525
1 6286
5 1058
4 9887
2 9189
4 7057
3 2127
1 1946
2 1434
2 9293
2 8390
3 1983
4 1807
3 3422
2 3214
1 5659
4 3783
4 9692
4 5308
2 6022
2 8824
5 5087
4 7054
1 3140
5 8675
5 1144
1 5304
5 6367
5 8548
2 9927
5 2492
5 8554
1 2194
5 8492
2 8542
5 5004
4 5733
1 1504
2 7635
1 6786
5 9233
5 6291
4 4333
5 5064
3 6275
1 6242
5 3236
4 8023
3 6358
2 2749
3 2387
2 3085
5 8896
2 2262
4 4767
4 6446
2 7933
3 7488
1 6012
3 1809
4 8397
3 2987
4 2508
3 6799
2 7320
2 4687
4 9512
2 5339
3 7668
4 7534
3 2702
1 4448
3 3274
2 4263
5 2333
5 9830
1 6135
4 5360
4 1441
3 2954
2 6935
4 6733
5 4858
5 7794
5 8787
5 3218
2 3719
5 3934
3 7482
2 8705
5 3317
3 1293
1 9067
2 5258
2 7173
3 6204
1 8648
2 4318
4 7301
5 9142
3 6789
4 7963
4 2049
4 7238
1 9927
2 6182
2 6917
2 2655
4 7850
2 6996
2 3471
4 2671
5 5732
3 5643
1 7724
2 6874
4 5619
5 1106
1 3373
3 2519
5 1146
4 5807
1 4420
2 2060
1 6546
1 4424
3 7147
2 8687
2 8362
2 9681
2 6663
5 6997
3 6471
5 7572
3 207
4 3289
1 4739
1 8263
4 5174
5 2955
3 5569
3 4055
2 1533
4 5249
3 1773
4 8427
1 5566
1 9261
3 3254
1 2542
4 9112
2 1797
4 9363
4 7938
5 5491
1 6004
2 4487
2 6179
4 6610
2 1336
5 5891
5 6742
2 5774
1 4400
2 1546
2 2333
2 9028
4 8440
1 6589
1 5560
4 6418
4 4399
4 9441
3 5970
2 1268
1 1759
2 2269
1 1696
2 1211
2 7780
1 8871
5 2805
3 8798
3 8775
3 164
2 5513
1 5899
4 6575
3 5125
4 6118
4 3761
1 6333
5 4635
5 304
5 1509
4 2722
2 8178
2 2666
5 199
1 7137
3 7573
3 1598
5 1520
3 1918
1 8229
2 7547
4 1595
2 6264
2 1656
4 9387
4 8843
4 9635
2 9301
5 1624
5 9466
4 8656
2 5532
2 3659
2 1569
4 9090
1 840
4 251
2 2005
5 8920
2 4640
3 8858
5 7518
1 2604
3 2735
4 1736
4 6684
3 8220
1 473
3 2658
3 5370
3 84
2 5476
1 1817
1 3809
2 9477
4 3633
3 1066
1 4761
3 5582
5 6466
2 1391
2 4961
2 7531
3 3600
4 4605
4 7067
5 9968
5 9361
4 4360
1 7763
2 9204
3 5931
1 5718
5 9470
2 2216
4 7282
4 7336
5 9000
5 9111
5 5767
2 3375
3 2297
5 8985
2 9154
4 5251
3 7922
1 3498
4 6653
1 7696
2 7053
5 9239
2 3920
1 2394
3 8218
3 5585
2 4596
5 9351
2 7029
1 7066
2 2909
5 6154
2 3254
3 2622
5 4590
3 6646
4 4669
4 7300
2 4602
1 2976
4 8433
3 4665
5 2823
5 8690
5 5785
4 8603
1 9054
5 7578
3 4289
2 4985
2 126
1 519
5 5733
2 220
5 6060
5 5746
2 5923
4 3871
1 5452
5 8440
1 4237
5 2191
1 1186
2 714
5 2661
3 3380
5 6341
3 3922
1 2743
1 223
4 2948
4 3467
4 2631
2 2648
3 8188
2 3158
1 1799
3 2769
5 1070
1 9990
4 8967
4 5203
5 6968
5 4728
2 6325
5 8228
2 9190
3 1676
4 535
3 6257
4 2211
4 9501
4 893
2 3644
2 1335
1 9470
1 4534
2 8341
5 5089
3 1023
2 2944
5 6189
4 5890
1 4566
2 4723
2 9014
5 5588
5 3509
5 814
1 8581
4 2652
4 2352
3 5429
2 8028
1 8424
5 3046
3 5943
3 1847
5 5549
4 3503
2 4524
3 7374
2 9537
2 2748
5 3170
4 6373
4 9856
5 5169
4 580
4 8467
1 5181
3 768
2 6334
2 9415
5 8292
4 7536
3 5251
3 856
5 7442
5 5295
1 372
2 6165
2 9024
3 3961
1 9986
1 7678
1 4899
2 1772
5 1847
5 6718
1 2335
4 6138
2 4993
2 8881
1 9930
1 8049
5 6871
5 6008
3 2811
5 9023
5 1541
4 7127
2 6271
4 5182
2 7726
2 8344
3 9532
5 9900
2 7882
2 4419
4 1077
4 8349
2 5170
2 1718
5 1620
3 4956
4 8662
1 4470
1 2945
1 4821
1 4728
4 75
1 361
2 350
3 262
1 2136
4 4122
2 7127
2 8785
4 5280
5 4486
1 2557
5 3844
2 3506
5 3222
4 5258
2 7190
2 5026
3 4061
5 6401
4 3938
4 4377
5 5641
3 6660
4 4735
1 7514
3 1601
3 4573
4 7504
2 7883
3 4198
3 248
2 398
5 1043
5 6999
3 3015
1 7373
4 9599
1 6329
4 2667
1 9266
3 5984
1 8261
1 3645
1 6294
1 5318
2 2323
4 2799
2 5969
3 4067
2 792
2 5465
5 1954
2 5835
1 2609
3 4455
2 4409
5 6954
1 1031
2 6628
5 688
1 610
4 106
5 9726
5 4252
5 8214
3 6715
1 5167
3 5132
3 2617
3 7648
1 9398
5 9848
4 2428
3 7672
1 1219
4 9827
2 8606
1 3845
1 6122
1 3496
2 2544
3 2955
4 8121
5 9199
5 9525
2 4406
5 7673
3 826
2 46
3 3160
3 3512
1 7236
2 6003
5 9133
2 5945
4 1171
4 6710
1 9996
1 8047
1 4614
5 525
2 2819
2 3276
4 8862
2 6841
3 818
2 3196
1 6560
3 5956
3 5566
1 2112
4 7493
1 4440
4 9802
3 932
2 6467
4 1656
1 1316
2 245
4 1152
4 9908
5 4653
5 2724
5 707
5 6251
2 3927
4 6583
4 9742
1 3238
1 6245
1 2067
4 5845
5 4696
3 5239
2 4552
5 7963
5 5712
5 4605
3 2241
3 7635
4 6270
3 1411
4 823
2 7448
5 2538
5 8165
3 7363
2 7198
4 6215
2 8963
5 527
4 9224
1 9494
3 5270
4 358
2 2418
1 5071
4 6318
5 5977
3 9205
2 6225
1 9666
2 9150
3 3344
5 9430
1 2768
2 2056
1 5670
5 3506
2 886
1 6229
4 3404
4 3742
1 2732
1 4536
3 5330
3 7243
4 1365
5 2036
2 8664
2 836
1 9029
5 5912
5 1589
5 6972
5 9388
1 2358
1 7006
3 907
2 6419
5 1597
1 621
2 2762
4 2089
4 5037
1 5907
3 7286
2 4037
3 1794
3 2050
4 7891
3 938
4 4656
1 3248
3 8691
5 5674
4 5848
5 2794
4 1925
1 7948
2 1066
1 7100
3 2418
3 6880
1 4024
5 7658
4 3466
3 125
2 3739
5 4456
5 8145
3 4845
1 7541
2 6406
1 5753
2 315
5 9082
5 742
4 4474
3 5905
5 3593
2 1638
3 6924
2 5478
5 2502
4 9455
5 8347
1 5909
4 2445
1 7579
1 3678
5 9765
4 8581
5 8034
2 1114
2 6618
3 2123
5 1383
2 5966
3 6301
4 9879
1 5769
3 614
3 5220
3 7189
4 7546
5 4934
3 6189
4 672
1 6623
5 4067
2 2039
5 2730
4 7575
2 660
3 218
5 6349
4 7051
5 7745
1 1268
5 8869
5 4385
1 8066
4 8092
2 5494
5 3558
3 7622
3 6088
5 4833
3 7679
1 1632
3 7576
5 2121
2 6297
3 6367
2 4214
1 9137
4 6770
2 3186
3 6351
1 7385
2 8537
3 3354
5 223
2 7123
3 6509
3 1316
1 5211
3 550
1 6049
4 3493
5 5708
1 5201
5 6667
3 3856
1 4971
2 2665
5 522
4 9720
2 5468
5 1381
2 2442
5 2607
1 7869
4 6961
2 9235
3 4683
3 6589
5 9106
5 8661
2 7772
2 1977
3 5579
2 330
1 615
5 6377
1 7021
5 2953
5 3227
5 6979
5 4775
1 1443
4 1148
3 1780
5 3611
4 8368
5 362
1 1702
4 9977
2 7281
3 5558
4 6845
1 6433
3 8041
2 3191
1 8552
5 8505
3 5261
5 8685
4 2349
2 1611
3 5242
4 98
4 8678
5 1511
4 896
5 684
4 8322
2 2125
5 3888
4 4617
1 4562
1 3052
2 4367
4 158
4 8732
4 6214
3 3155
5 9759
2 8023
3 2062
1 7561
4 3474
5 5003
3 9253
4 8344
1 4973
1 5102
5 7899
1 4287
3 5718
4 4142
2 3328
1 894
3 4688
3 2704
2 1194
2 2218
4 2937
4 1533
3 118
2 3757
5 6208
2 6538
1 5007
4 2624
3 1963
2 2313
3 4341
4 4522
4 2927
4 521
2 9575
4 8762
1 4787
5 6563
4 3052
1 4885
4 503
2 4992
3 6140
5 8340
5 7258
5 6955
3 470
3 7547
2 6194
3 2480
3 654
3 7044
2 7995
2 9554
4 166
2 9861
4 9891
4 1088
5 9666
3 1974
4 450
2 4813
3 4565
2 6019
3 883
5 3391
3 2258
1 3846
2 5374
5 4660
5 166
1 8967
4 9181
1 6191
3 3065
1 9761
3 1784
3 2227
3 1311
2 9229
4 681
3 3981
5 6861
4 3885
4 8649
1 5809
5 7528
5 1257
1 1297
5 2424
5 5537
1 574
5 7322
4 1141
1 7405
3 2587
2 4940
5 8459
1 8770
4 1952
1 9575
4 1970
5 1351
1 4688
5 4821
4 3308
1 4290
1 2014
3 7708
4 6632
3 7058
5 7797
4 5210
1 6733
1 8048
2 4796
4 8487
3 8048
5 3064
4 2437
4 2736
2 7596
4 5883
1 2051
5 5718
2 5390
1 5925
5 3785
4 1558
5 4759
4 9154
1 6635
3 3229
1 5644
4 2153
4 2553
3 8401
5 9724
3 6638
1 1375
5 2275
4 2653
1 7857
1 2835
1 942
3 5181
5 79
1 2577
4 82
1 4556
1 8544
1 1934
1 8159
1 9702
5 4081
1 2899
4 6313
5 1177
1 2456
2 472
4 2966
1 750
1 2123
4 8996
4 8573
3 1604
2 6568
2 4855
1 5715
2 731
5 5598
2 3893
2 2694
1 4832
4 1496
5 2359
4 7866
1 1628
5 7531
4 6459
2 2011
4 7738
4 8858
4 3513
1 2492
1 1793
3 2757
2 4471
2 3909
4 8402
1 4284
1 7323
2 9875
2 897
5 2973
3 5912
1 6884
3 2337
1 3199
5 2749
5 7813
5 5995
1 5138
4 1587
2 8119
5 2844
5 8131
1 8506
3 2088
2 1595
4 1208
5 2046
1 4618
2 5985
2 5552
4 7218
4 9806
2 9491
2 3373
4 7193
2 5670
4 2655
5 9841
5 4087
3 6842
2 4298
1 51
5 2513
3 4733
2 5004
5 6707
4 984
3 5422
3 2998
1 4720
5 5072
5 3897
3 8062
3 5170
5 2417
5 3601
4 3544
1 3611
3 3898
1 6530
1 6912
2 9748
3 3218
4 8661
5 4237
2 265
5 9326
1 879
1 9075
1 4227
3 7781
1 7335
5 2776
3 615
5 2625
4 6933
4 6203
2 6005
1 119
5 7954
4 2664
5 6821
4 6496
4 3695
2 2743
4 3986
1 3532
2 310
5 3422
5 9721
4 9301
1 9634
1 6901
1 4000
5 5158
3 4553
2 2413
5 4026
5 6903
1 2486
5 7462
5 8710
2 6626
3 6117
4 6239
4 4583
1 1402
1 4247
5 7706
2 9911
4 413
1 4411
3 7343
3 2931
3 5818
1 5370
2 8120
2 5987
4 4495
5 579
3 6235
1 5235
2 5623
5 5280
5 8159
1 5207
3 885
3 8004
1 1596
1 202
1 4017
5 5201
1 6239
4 6981
2 5255
2 1728
4 90
2 7318
1 2540
1 8601
2 8552
5 9101
2 8084
2 784
2 2737
4 9032
4 6538
3 6858
4 1492
4 8339
5 9291
5 4519
5 1443
1 4327
5 4689
4 3825
4 8341
2 1813
3 9398
1 4731
4 718
3 7225
3 7316
4 2451
2 1485
2 772
1 103
5 7771
5 8817
4 2214
1 573
4 6607
4 7065
2 4335
2 8509
3 5793
5 919
2 7668
2 7046
3 5736
3 3967
5 4898
3 2716
1 6908
5 3777
5 901
5 7266
2 8046
4 4074
1 5914
2 4872
2 7038
5 2811
3 5135
4 9993
3 7261
4 9852
1 6927
1 4505
1 5980
5 6590
2 874
5 7443
4 1258
5 5484
1 5678
1 4705
3 2168
1 8157
5 8253
3 1835
2 7636
1 8034
4 3291
2 8197
2 3609
4 572
2 7163
3 6994
4 4457
5 9189
3 3525
4 3647
4 2503
4 233
1 7569
1 2488
2 7299
5 9161
3 839
1 9545
2 2306
2 5087
5 8278
2 5689
4 1813
5 6451
4 1133
3 7591
5 7069
2 4794
2 9029
5 8390
1 194
4 4324
5 1522
2 6397
3 4247
5 9276
2 2587
5 2473
4 1026
2 9683
2 8545
3 6569
2 9092
2 4938
2 4886
3 6691
2 5816
4 4966
3 7096
5 4211
2 4374
5 1730
2 2639
2 9891
4 4165
5 777
5 5701
2 8939
4 478
1 5824
2 7964
2 2148
1 9437
2 2427
4 197
3 2170
2 8536
4 136
1 8164
4 7715
3 8635
3 4381
3 4350
2 9511
5 7144
1 9128
2 3701
4 4078
2 6961
4 1556
4 9691
4 9823
5 784
5 6543
2 2534
4 8404
1 5894
2 7293
1 2448
3 5734
4 9223
1 1837
2 4667
2 3046
1 8241
5 8657
1 1422
5 3040
4 8839
3 6085
4 8925
3 5511
4 7295
1 505
2 7155
1 1748
4 1600
4 8658
5 3624
5 504
3 931
3 459
2 1951
4 9829
4 3584
5 3551
5 2653
2 1226
3 7366
4 4965
4 7197
4 8585
3 2634
4 1092
4 2790
1 6368
4 2184
3 1442
4 8559
2 9989
3 7893
1 206
3 2950
3 4010
1 6692
3 1238
4 3728
4 8554
5 4950
4 8655
2 3410
5 3080
1 6218
4 9630
1 7868
3 165
3 5525
2 6787
3 6752
4 4750
2 9405
3 9536
2 9788
3 5954
4 9232
3 350
1 4663
1 9869
2 3647
2 774
2 6965
1 1855
4 6365
1 726
3 4904
3 4459
2 4653
1 1540
5 7027
3 4256
3 5710
2 1483
5 4637
2 7991
3 6976
1 3451
1 5869
4 375
1 9864
1 2026
4 6282
5 2395
5 8068
3 1486
2 4016
5 259
4 2335
1 7257
4 3437
3 6264
2 312
4 8417
1 2415
4 6230
2 5852
5 7192
1 2989
1 6597
5 1010
2 3089
1 1703
1 653
5 1125
1 7527
1 7768
5 2268
5 5719
2 8981
1 8955
5 1485
2 5944
4 7146
5 2274
1 804
4 7385
1 6237
5 8600
4 6178
2 3526
2 7435
1 6807
4 56
3 2380
1 1112
2 3980
4 4300
4 5400
3 8833
2 7583
4 4927
4 2331
2 4316
3 5115
3 5657
2 5747
4 6075
2 9855
1 3219
2 9818
4 5205
3 8501
3 725
5 2402
4 4970
5 2735
2 4870
3 1764
1 6725
5 521
1 9520
2 4731
2 8670
4 4338
4 3334
1 5413
4 9162
2 8027
2 4009
3 389
2 105
4 3877
5 6434
5 1328
5 7458
1 8213
5 5534
1 7043
5 2739
1 3183
2 5102
3 5570
3 3363
3 1712
5 3477
4 9486
2 6337
1 5374
3 3510
2 7385
4 741
1 3467
3 7642
5 9691
3 5546
5 9300
3 5086
1 9251
1 981
4 8815
5 8021
1 1630
5 5474
1 77
5 3677
5 596
2 9060
4 7662
1 4159
1 2951
2 3168
1 7058
1 3717
5 485
4 7202
2 758
5 6729
5 4423
4 1438
1 3389
1 4462
5 4102
1 8546
3 1988
1 8341
3 7875
1 8510
5 9405
3 7865
3 6313
3 1342
3 2816
4 5028
2 3140
4 2223
5 2326
4 1669
4 8941
3 5874
4 4373
1 8576
4 1765
3 7100
1 3499
2 5379
5 6956
1 3056
4 5398
1 3161
1 8153
5 4203
3 3381
3 7195
1 2885
5 3115
5 9811
1 1565
5 882
2 1940
2 5638
1 2312
3 5613
4 3706
3 2805
1 8075
4 9178
3 9082
3 5733
5 6659
3 6280
5 9099
4 1571
4 8582
3 2675
1 9344
3 3775
3 8364
5 663
4 6747
5 6131
2 4100
5 5352
4 1059
4 9156
3 3802
4 388
2 476
4 1661
5 2172
1 6654
1 8986
1 8793
3 866
2 9438
5 3260
4 1789
1 1089
2 4800
2 3304
3 155
5 5783
4 180
1 3658
1 394
4 1662
3 8861
4 3485
5 4089
5 8356
3 2347
1 7666
1 7842
4 9236
5 237
3 3080
1 14
2 3939
2 9816
2 259
2 1201
3 4789
5 526
1 7117
5 9874
2 6515
4 6966
4 2474
1 1269
2 7817
4 9437
4 9750
1 9896
5 4045
3 5446
2 375
4 6401
1 5606
3 7841
5 9123
4 1283
1 1785
2 2708
2 8282
4 4197
4 3668
3 3656
2 7362
2 615
5 7040
1 321
2 3729
3 4978
5 3949
3 8696
5 5284
5 6771
5 9022
4 262
2 2558
4 3780
5 533
3 7300
3 7837
5 5496
4 1306
1 140
1 6494
4 7815
4 5989
5 5569
1 1365
1 426
5 8245
2 1425
4 87
2 8800
4 9571
1 2584
5 7187
1 1040
5 7353
2 9565
4 62
2 6350
1 7988
3 8527
5 6112
5 9222
3 5645
3 8073
2 2674
3 890
1 7881
5 5659
3 5381
4 4724
1 4116
2 1407
3 5288
2 9777
2 7311
1 5632
2 5819
2 6156
2 1622
1 7649
3 2927
5 630
5 3870
4 5266
1 4252
2 4336
1 2772
3 6879
2 2114
4 1313
5 3312
4 3266
2 4301
3 6457
2 2098
5 9782
4 7048
3 1214
5 241
4 2225
2 119
1 2038
2 1271
1 5193
4 2959
4 6435
4 289
5 1151
2 4784
1 3884
4 516
2 6742
1 5016
4 4638
1 7971
2 5561
1 5841
4 8480
4 4874
2 5933
1 5732
2 4394
2 4788
1 5018
4 8595
2 6561
5 5414
4 6265
2 2871
5 2154
1 948
3 3896
5 7862
1 4276
4 4956
1 2682
4 481
4 7876
1 687
4 5190
5 8215
2 6302
1 7270
3 806
1 8445
4 1676
5 5207
3 3006
4 6751
5 2939
3 6506
3 1888
1 2510
3 6468
5 1421
4 2522
3 3128
3 2407
1 7508
3 4008
4 8602
3 8928
1 4587
3 1030
3 3000
1 8621
4 5659
3 1014
1 5236
4 45
1 4712
3 9953
3 8482
1 3295
2 6614
3 6773
5 8123
2 3796
1 8233
5 8059
4 5557
1 1647
3 5795
4 7952
5 3524
3 3798
3 7946
5 4411
2 5466
5 424
5 4733
5 5463
3 4655
5 4187
5 563
1 3749
4 4082
2 3066
1 1134
1 2361
3 7279
4 8869
4 3612
5 3747
3 6231
3 7617
5 2786
5 2209
2 1753
1 5930
5 7071
5 1583
5 9184
2 4805
1 3119
1 9469
3 619
4 4244
1 7787
2 2722
3 4795
5 9528
4 8256
1 586
4 4211
1 7946
2 2488
2 4464
3 9942
2 6026
2 7520
3 3194
4 2430
1 6208
4 1074
3 5940
4 734
5 9865
2 1943
3 2000
1 5353
4 491
3 6840
4 2661
2 3694
3 5564
5 706
2 6433
4 5001
5 2025
3 3666
2 5764
4 703
1 8695
5 6576
1 136
2 2222
2 160
5 1126
1 7428
1 9826
1 3177
2 6920
1 1953
1 9453
3 7598
5 1669
4 37
5 3956
2 6270
4 2162
3 5965
2 1709
5 7715
3 2036
3 3361
3 6109
3 6355
5 8501
1 6274
2 2248
3 464
2 2161
2 4660
5 3122
2 1552
1 8300
2 7968
4 3290
1 3287
3 7220
2 5935
1 8469
3 3703
2 9209
2 9899
1 3343
4 8336
2 809
5 7332
5 8321
2 2870
5 3358
3 5142
4 3983
1 5957
4 1347
2 4141
5 6248
2 5525
4 3223
3 7673
1 5764
2 415
2 4470
3 3093
3 2830
3 7551
3 2177
3 4005
2 314
3 4007
4 7450
5 4040
3 858
2 8212
4 7983
5 2707
1 4249
2 1351
1 2459
3 7553
1 1223
1 5459
1 1975
2 5462
2 9897
1 8803
5 8266
1 4414
2 3965
1 7942
5 3048
1 2304
2 3394
5 481
2 9847
4 4510
1 3411
4 4879
4 2147
1 1936
5 1951
3 2852
1 7992
3 9706
5 5337
4 7208
3 4993
2 2430
1 5513
1 2708
2 8641
2 8897
1 7329
1 7802
1 2990
1 1050
5 301
2 3057
5 9308
3 1526
3 4246
4 4990
1 7198
3 4504
4 9946
4 8844
2 8940
1 1754
2 5011
4 4745
5 2504
5 9704
5 2192
4 3830
2 3723
2 5948
4 3676
2 445
2 7911
1 1783
5 8922
3 7373
3 2388
1 3928
5 3745
1 7958
2 3025
4 8464
5 5635
2 5063
1 8968
1 4141
5 4086
3 7616
1 6276
4 448
2 1313
5 5819
4 7659
1 3397
2 656
4 6284
4 5952
5 2449
3 2341
1 600
4 4061
2 7949
2 3604
5 8467
5 1600
2 6908
1 9997
5 5957
2 9143
1 9493
4 1798
2 3896
4 2886
4 1436
5 3101
2 977
2 3975
3 3925
3 8054
2 1850
2 6905
3 2696
1 7440
3 8394
1 1730
5 7412
1 1904
3 6703
2 7237
4 2199
5 4398
1 2048
3 6982
1 2731
4 5996
5 7221
1 1723
1 3629
1 4964
5 7023
5 3411
2 8684
1 241
1 3916
5 78
1 7359
5 4198
4 7903
4 2280
5 302
5 5717
1 913
4 131
1 806
5 9339
4 1383
2 3738
4 3265
3 8606
3 7526
5 207
1 6414
4 9766
1 9444
5 3276
5 7617
4 8881
3 271
5 1573
4 383
3 2799
1 7883
2 1460
5 9927
3 3956
1 268
5 4421
4 1075
2 1375
4 5616
1 2384
5 8619
3 1362
1 7631
1 9767
1 2189
2 586
5 8979
4 2192
2 3516
2 6893
4 7170
3 4967
5 9933
5 415
3 6961
2 4215
5 8640
5 8583
3 6513
1 9611
3 5815
3 421
5 3251
4 4203
1 2560
3 5722
1 4921
4 9072
1 2723
1 8018
4 2252
1 9199
5 4263
1 3834
2 5419
5 3083
4 4743
1 497
3 7897
2 8203
2 652
2 8422
5 4250
1 6019
3 3734
4 7227
3 642
4 4620
1 6841
5 503
5 6199
5 1571
4 7809
1 2280
3 2007
1 9477
5 3794
5 1469
3 1321
1 1368
3 2406
1 537
5 4872
4 8953
3 1189
4 7189
2 8395
1 2515
3 5411
4 7007
4 5698
2 5338
2 653
1 6160
4 889
3 8193
3 4425
4 2130
5 2083
4 9543
2 9418
2 2793
2 4654
1 3339
3 4730
5 9964
3 6706
4 7166
2 6294
1 1901
2 8738
1 122
3 7852
4 810
4 9960
5 8202
4 6069
1 7436
2 6228
5 6981
1 9522
3 6354
5 8489
4 3842
4 7713
4 461
3 4486
5 9702
5 1862
4 6511
3 5972
4 8663
1 4107
4 1938
2 4894
3 242
4 8504
3 813
2 2784
1 8466
3 7509
2 4964
3 5336
2 6255
5 5275
5 1825
4 5602
5 7679
2 6716
5 5035
5 6461
1 9968
5 4514
5 7579
5 6222
2 7401
3 2109
2 1962
2 3964
4 6245
3 8063
3 7379
5 6781
1 7754
3 6990
2 2322
3 9003
2 7429
3 6463
2 2695
3 7825
5 7916
3 2853
3 5629
4 3924
5 7892
2 5938
1 42
3 4108
5 4658
1 3074
4 4119
5 293
1 9895
4 6554
4 9253
2 1561
4 8972
2 3012
4 9104
4 5673
3 4943
5 9156
3 6271
5 5254
5 7984
2 9228
5 4644
1 5312
5 3145
3 1791
5 6744
1 4243
5 336
5 1642
5 3652
3 4189
4 6647
2 7472
1 728
2 832
1 5340
3 7186
1 2262
4 6277
3 7238
5 9126
3 6926
4 5250
4 5240
5 5383
2 8857
2 6108
5 9434
4 2817
1 5168
5 930
3 8013
3 9184
3 846
4 2872
1 2621
1 777
5 5611
1 3386
2 9722
2 9706
1 1108
1 1749
1 3280
1 2569
1 509
1 489
1 3177
1 3975
1 1606
1 1320
1 2630
1 3183
1 1097
1 1267
1 3356
1 3599
1 3706
1 3468
1 1346
1 1847
1 2360
1 926
1 734
1 1162
1 4859
1 230
1 4095
1 3425
1 4400
1 4305
1 3101
1 2390
1 3284
1 1319
1 2189
1 1433
1 4970
1 640
1 1489
1 4423
1 2315
1 275
1 2567
1 273
1 3402
1 996
1 2598
1 2819
1 1065
1 2555
1 4151
1 1332
1 832
1 3633
1 2856
1 3002
1 4461
1 3891
1 1598
1 1513
1 3805
1 3677
1 4924
1 2498
1 546
1 4555
1 1877
1 3030
1 4060
1 3211
1 1448
1 1731
1 769
1 4387
1 4377
1 1238
1 1329
1 2571
1 376
1 2175
1 2631
1 3879
1 3264
1 4012
1 3755
1 3725
1 642
1 3702
1 3220
1 2348
1 4054
1 427
1 1195
1 3057
1 4925
1 2357
1 2876
1 4025
1 1033
1 2619
1 3223
1 2053
1 1471
1 2217
1 4676
1 2380
1 2834
1 4888
1 2524
1 2688
1 2414
1 1405
1 1894
1 3334
1 2239
1 402
1 2545
1 2913
1 3238
1 1797
1 4523
1 1436
1 2089
1 3806
1 1748
1 897
1 4412
1 323
1 4262
1 4602
1 4490
1 1203
1 28
1 1650
1 1717
1 4110
1 2608
1 2439
1 1613
1 1028
1 2028
1 3828
1 4200
1 2136
1 1670
1 2606
1 2535
1 2094
1 983
1 2925
1 727
1 1945
1 2243
1 1636
1 4931
1 2381
1 4299
1 2526
1 1230
1 1618
1 3128
1 215
1 2354
1 3212
1 3948
1 1852
1 2214
1 538
1 3814
1 3247
1 2052
1 3850
1 3744
1 880
1 1029
1 649
1 1837
1 342
1 1758
1 4360
1 2437
1 2941
1 2562
1 2902
1 4217
1 4222
1 859
1 942
1 3369
1 4280
1 981
1 643
1 853
1 2129
1 1817
1 430
1 3439
1 3818
1 4032
1 4484
1 4978
1 478
1 3458
1 4879
1 2817
1 941
1 1246
1 249
1 1424
1 3871
1 1287
1 2220
1 3349
1 3618
1 3849
1 2302
1 3648
1 2628
1 4474
1 856
1 3882
1 3431
1 3261
1 515
1 3571
1 4168
1 2100
1 920
1 1418
1 4865
1 4810
1 625
1 1811
1 1304
1 1295
1 3740
1 624
1 1700
1 4857
1 3021
1 884
1 820
1 1360
1 3385
1 2097
1 3339
1 4805
1 2831
1 632
1 2995
1 4403
1 3917
1 492
1 2523
1 1209
1 2457
1 2406
1 3479
1 1557
1 467
1 319
1 4902
1 932
1 4406
1 1057
1 9
1 685
1 2559
1 3140
1 3154
1 1133
1 1593
1 1785
1 2054
1 2248
1 798
1 355
1 3491
1 886
1 799
1 4722
1 1579
1 1289
1 3139
1 2818
1 2134
1 2844
1 3831
1 1833
1 1779
1 3430
1 4228
1 982
1 719
1 25
1 4155
1 1736
1 3590
1 1962
1 1102
1 4785
1 3875
1 1043
1 1455
1 1389
1 124
1 4313
1 2761
1 1755
1 3366
1 3443
1 3275
1 2400
1 4366
1 4961
1 1015
1 896
1 1949
1 2251
1 1782
1 1402
1 540
1 3415
1 3844
1 3323
1 2476
1 3637
1 1788
1 4384
1 2836
1 4649
1 11
1 1958
1 833
1 1842
1 1344
1 1954
1 1735
1 4434
1 1984
1 1145
1 2349
1 4459
1 2492
1 4388
1 776
1 2274
1 2770
1 4886
1 121
1 944
1 3003
1 1561
1 3527
1 3164
1 2146
1 2943
1 2494
1 821
1 316
1 132
1 3232
1 861
1 3351
1 330
1 1303
1 4298
1 652
1 3290
1 1499
1 3524
1 2301
1 350
1 389
1 2775
1 613
1 4409
1 2432
1 3689
1 2641
1 1884
1 4306
1 2456
1 1357
1 4478
1 4980
1 766
1 353
1 361
1 4133
1 4659
1 2298
1 1994
1 3674
1 2760
1 3580
1 1163
1 3086
1 2809
1 4411
1 4650
1 1615
1 3724
1 3200
1 3895
1 3337
1 4078
1 1763
1 391
1 1197
1 1368
1 3471
1 1087
1 2229
1 762
1 1266
1 2065
1 3482
1 2211
1 964
1 4172
1 1128
1 462
1 3578
1 903
1 2178
1 3920
1 4314
1 1334
1 4745
1 115
1 1002
1 4348
1 4801
1 4491
1 4089
1 2190
1 3344
1 131
1 781
1 4451
1 2766
1 444
1 1898
1 2452
1 41
1 676
1 3474
1 2923
1 3301
1 2736
1 4894
1 2226
1 3262
1 4287
1 4887
1 1426
1 1007
1 2265
1 2292
1 1014
1 911
1 513
1 3477
1 4854
1 1327
1 4220
1 2123
1 1167
1 3675
1 1845
1 4096
1 1539
1 1361
1 619
1 4065
1 917
1 4085
1 1769
1 1233
1 4438
1 3746
1 3024
1 404
1 2247
1 4695
1 3540
1 1657
1 4232
1 2935
1 2610
1 3215
1 3060
1 2898
1 1365
1 4999
1 311
1 2648
1 2852
1 2623
1 2750
1 352
1 4811
1 3321
1 4670
1 2458
1 784
1 3509
1 4055
1 2596
1 2471
1 530
1 1257
1 4170
1 4480
1 2132
1 1477
1 3276
1 2484
1 1062
1 1019
1 2803
1 3569
1 3764
1 2830
1 3421
1 1946
1 2518
1 4462
1 4183
1 1180
1 2287
1 2260
1 2107
1 3769
1 1821
1 2335
1 3620
1 3798
1 2640
1 4404
1 904
1 900
1 3659
1 4524
1 2879
1 620
1 2924
1 2376
1 1375
1 1829
1 1316
1 1843
1 2745
1 1803
1 4497
1 3193
1 1322
1 644
1 3701
1 2290
1 3098
1 3894
1 4245
1 448
1 3833
1 3028
1 581
1 2316
1 1108
1 3650
1 3168
1 2489
1 3698
1 4807
1 4038
1 1564
1 3184
1 2125
1 3517
1 3475
1 3267
1 726
1 557
1 4123
1 2033
1 868
1 3408
1 713
1 583
1 783
1 3327
1 3490
1 1030
1 2004
1 3858
1 4146
1 839
1 242
1 1768
1 73
1 231
1 3403
1 2644
1 2320
1 2327
1 1214
1 590
1 3501
1 3656
1 2450
1 2952
1 1187
1 3270
1 4240
1 1324
1 800
1 1430
1 1138
1 1804
1 835
1 2112
1 796
1 2187
1 1221
1 2903
1 2250
1 1989
1 2872
1 2098
1 2491
1 3364
1 3718
1 248
1 1130
1 3519
1 3055
1 2059
1 4431
1 638
1 1084
1 2000
1 1583
1 695
1 2342
1 4946
1 1953
1 631
1 488
1 4956
1 3092
1 1767
1 4264
1 3572
1 811
1 2340
1 2804
1 4789
1 521
1 1139
1 801
1 2984
1 1880
1 3305
1 3463
1 2454
1 4086
1 3737
1 250
1 2854
1 4037
1 837
1 1354
1 778
1 226
1 4006
1 3915
1 1245
1 3042
1 1460
1 497
1 1415
1 772
1 1258
1 3294
1 1420
1 4408
1 603
1 1582
1 4260
1 164
1 3729
1 1914
1 29
1 2940
1 2682
1 4001
1 1091
1 4450
1 1719
1 677
1 598
1 1527
1 1567
1 1632
1 872
1 4165
1 3651
1 3397
1 4249
1 3150
1 2693
1 3760
1 3890
1 3201
1 3692
1 4917
1 4080
1 3296
1 4782
1 3539
1 541
1 2563
1 2339
1 1741
1 3857
1 2467
1 4365
1 923
1 2377
1 4734
1 1157
1 3822
1 3001
1 356
1 3916
1 1952
1 2931
1 420
1 3756
1 4285
1 3367
1 2113
1 4396
1 1217
1 3240
1 1352
1 261
1 3970
1 3521
1 4682
1 2230
1 804
1 1259
1 2825
1 2593
1 3900
1 1893
1 4233
1 2164
1 3134
1 3234
1 6
1 2039
1 744
1 2127
1 2651
1 2194
1 4173
1 1895
1 1955
1 1709
1 4926
1 3541
1 3433
1 1873
1 865
1 3245
1 3089
1 1307
1 4539
1 2318
1 3124
1 3318
1 1694
1 4951
1 3865
1 2037
1 2897
1 373
1 2650
1 1794
1 1248
1 4398
1 637
1 4751
1 2460
1 683
1 266
1 2967
1 2978
1 264
1 4873
1 4940
1 1142
1 4699
1 1743
1 2956
1 1658
1 3699
1 2822
1 4747
1 805
1 2223
1 1337
1 4290
1 494
1 4041
1 2064
1 2050
1 3902
1 3673
1 2308
1 653
1 258
1 3893
1 3640
1 1791
1 1296
1 3722
1 4612
1 2441
1 3516
1 3069
1 1874
1 3065
1 4140
1 971
1 2746
1 4675
1 4296
1 466
1 1189
1 1928
1 1452
1 3377
1 399
1 475
1 322
1 2231
1 12
1 1727
1 4901
1 2486
1 4877
1 3617
1 1936
1 1943
1 2510
1 3848
1 4531
1 3319
1 3866
1 1173
1 4994
1 126
1 1525
1 1036
1 2181
1 563
1 4702
1 3288
1 2143
1 2312
1 1859
1 4860
1 486
1 276
1 4349
1 4153
1 2461
1 2408
1 3062
1 4884
1 1669
1 4414
1 2824
1 3080
1 2296
1 1181
1 101
1 991
1 2759
1 272
1 3081
1 1104
1 1404
1 3591
1 2106
1 458
1 4665
1 4102
1 4954
1 1729
1 4268
1 100
1 2427
1 2078
1 1798
1 18
1 4071
1 1932
1 1260
1 396
1 2721
1 976
1 988
1 3420
1 2720
1 2953
1 4347
1 3778
1 4420
1 2259
1 446
1 2837
1 1904
1 1977
1 4059
1 3243
1 4372
1 2196
1 3228
1 3749
1 3382
1 4922
1 2090
1 324
1 2466
1 3295
1 42
1 4040
1 1018
1 2686
1 2142
1 1225
1 1580
1 558
1 4674
1 4132
1 806
1 1364
1 3926
1 851
1 4302
1 596
1 1711
1 2362
1 3166
1 3442
1 780
1 1061
1 4436
1 442
1 704
1 2560
1 1231
1 2906
1 2543
1 4002
1 3283
1 2835
1 3387
1 377
1 139
1 4049
1 1944
1 2974
1 2681
1 3851
1 58
1 4257
1 3448
1 2213
1 2805
1 680
1 4215
1 4731
1 285
1 4526
1 4960
1 2972
1 2258
1 1683
1 3781
1 2280
1 2169
1 4812
1 1290
1 3342
1 2074
1 2639
1 1724
1 4458
1 4581
1 3564
1 1739
1 2304
1 3973
1 3543
1 537
1 3503
1 426
1 2959
1 4426
1 1591
1 1680
1 3151
1 1094
1 1535
1 95
1 3419
1 1331
1 312
1 3864
1 1848
1 1792
1 1706
1 3293
1 3941
1 2549
1 1027
1 365
1 1766
1 125
1 4527
1 3513
1 3732
1 3777
1 1159
1 1718
1 2479
1 4443
1 2674
1 2620
1 659
1 2219
1 3345
1 4799
1 52
1 4013
1 3049
1 3961
1 1318
1 1381
1 4084
1 1226
1 2928
1 3727
1 793
1 3997
1 2449
1 4464
1 3376
1 2038
1 2249
1 4174
1 4362
1 4397
1 3511
1 3791
1 873
1 3172
1 3189
1 864
1 4594
1 1983
1 286
1 257
1 797
1 3559
1 3827
1 2767
1 2863
1 4230
1 1867
1 2331
1 1116
1 4934
1 2126
1 1412
1 2085
1 3512
1 2201
1 2002
1 842
1 1371
1 2864
1 1176
1 1970
1 102
1 1616
1 2030
1 4667
1 2592
1 118
1 714
1 3354
1 4935
1 2324
1 1484
1 4929
1 463
1 428
1 576
1 2353
1 2284
1 2948
1 2945
1 440
1 2191
1 1982
1 1703
1 2075
1 2646
1 1000
1 3162
1 857
1 3231
1 1089
1 1951
1 3144
1 4806
1 751
1 1649
1 2868
1 378
1 2777
1 1559
1 3804
1 1746
1 4835
1 1836
1 1125
1 4090
1 2344
1 3545
1 3794
1 3885
1 130
1 548
1 2776
1 3208
1 3142
1 925
1 4180
1 3771
1 1628
1 320
1 1038
1 1268
1 849
1 2704
1 3011
1 4300
1 229
1 3239
1 3070
1 681
1 1913
1 4246
1 277
1 3552
1 1336
1 2487
1 2951
1 4792
1 3133
1 3272
1 1140
1 224
1 2828
1 4882
1 3561
1 2774
1 2438
1 4749
1 3653
1 1858
1 2588
1 3840
1 419
1 2878
1 2345
1 4050
1 123
1 1697
1 3583
1 4019
1 3020
1 498
1 1996
1 2186
1 2742
1 99
1 1659
1 1988
1 3148
1 2005
1 2715
1 3622
1 3897
1 1026
1 2283
1 435
1 4744
1 344
1 4194
1 973
1 1294
1 2472
1 3576
1 2976
1 975
1 1738
1 168
1 4210
1 4072
1 3424
1 3646
1 1774
1 3603
1 381
1 2161
1 1054
1 3774
1 2781
1 2985
1 2451
1 1563
1 1839
1 3365
1 302
1 747
1 910
1 2676
1 1734
1 4101
1 1401
1 939
1 3773
1 1083
1 2291
1 1017
1 70
1 3066
1 2155
1 4000
1 1882
1 2690
1 3103
1 1378
1 2501
1 3532
1 3087
1 3033
1 1520
1 3456
1 1118
1 3596
1 2880
1 3634
1 1599
1 2829
1 1305
1 4311
1 607
1 3574
1 2664
1 4351
1 4340
1 3187
1 3999
1 934
1 1672
1 697
1 372
1 2603
1 1619
1 708
1 2618
1 2013
1 1129
1 906
1 1530
1 3621
1 3553
1 2934
1 2268
1 4162
1 4632
1 400
1 3044
1 3607
1 4374
1 4907
1 1286
1 967
1 1704
1 4465
1 660
1 2386
1 1923
1 477
1 3160
1 4034
1 1292
1 4392
1 1470
1 912
1 154
1 1119
1 4342
1 2849
1 252
1 4776
1 436
1 2532
1 3610
1 3391
1 2508
1 2091
1 3758
1 3921
1 1947
1 1992
1 994
1 3000
1 2171
1 4109
1 2306
1 2892
1 1924
1 1810
1 3257
1 2121
1 866
1 2551
1 2114
1 4564
1 3976
1 4312
1 1082
1 3218
1 4779
1 3835
1 1707
1 3306
1 1854
1 960
1 147
1 1098
1 1284
1 3328
1 3944
1 3209
1 1164
1 4958
1 4968
1 511
1 4003
1 4126
1 2297
1 4022
1 2666
1 1644
1 1343
1 1612
1 1023
1 1765
1 3919
1 3544
1 3157
1 592
1 305
1 2409
1 1640
1 2433
1 4844
1 3905
1 3505
1 459
1 2493
1 1115
1 4567
1 3255
1 2468
1 135
1 2769
1 3842
1 891
1 295
1 902
1 3199
1 544
1 1387
1 1064
1 4301
1 1408
1 4440
1 394
1 1182
1 792
1 707
1 2096
1 1609
1 2137
1 1631
1 4930
1 2192
1 2055
1 416
1 3565
1 3412
1 1071
1 484
1 2796
1 3925
1 1466
1 2205
1 4775
1 3304
1 666
1 2208
1 1849
1 759
1 1611
1 3912
1 336
1 3170
1 3751
1 760
1 1362
1 1551
1 270
1 4910
1 2184
1 1391
1 790
1 3958
1 337
1 2612
1 469
1 3657
1 827
1 1624
1 1761
1 1335
1 2964
1 1830
1 26
1 1109
1 3767
1 630
1 3236
1 1311
1 4915
1 3763
1 2801
1 398
1 1265
1 3191
1 2820
1 3887
1 1808
1 1585
1 3643
1 931
1 359
1 3629
1 1771
1 4310
1 3796
1 3497
1 1244
1 3548
1 2067
1 646
1 4127
1 1215
1 1011
1 634
1 2116
1 4419
1 3779
1 4308
1 3776
1 2936
1 1664
1 461
1 1150
1 4939
1 887
1 2965
1 3035
1 4247
1 464
1 3861
1 1545
1 2950
1 3286
1 2145
1 814
1 1625
1 136
1 117
1 2689
1 1270
1 4344
1 1752
1 1306
1 1976
1 4195
1 3158
1 577
1 2273
1 2170
1 3666
1 289
1 4721
1 2669
1 3249
1 2252
1 1834
1 234
1 3660
1 710
1 2262
1 4018
1 3716
1 4202
1 4244
1 4270
1 2696
1 281
1 2119
1 3102
1 722
1 2894
1 3853
1 4821
1 3449
1 844
1 1191
1 328
1 3009
1 4187
1 1901
1 2222
1 2083
1 3324
1 2203
1 3613
1 3558
1 2019
1 2515
1 4044
1 561
1 738
1 4621
1 4014
1 1411
1 1566
1 543
1 4723
1 3792
1 4944
1 2840
1 2684
1 2885
1 2149
1 2162
1 2309
1 1562
1 3585
1 937
1 1492
1 1596
1 2882
1 2579
1 674
1 4293
1 4390
1 487
1 1445
1 3962
1 3018
1 2867
1 874
1 134
1 2981
1 4872
1 3507
1 3094
1 3407
1 4593
1 2254
1 1661
1 2629
1 1393
1 4570
1 2166
1 3819
1 1714
1 4317
1 4726
1 1310
1 1705
1 661
1 2896
1 768
1 4171
1 656
1 2478
1 3210
1 4617
1 635
1 4386
1 4689
1 1222
1 754
1 364
1 3227
1 3695
1 4277
1 4898
1 1974
1 22
1 4794
1 4029
1 2483
1 1933
1 2185
1 3790
1 3589
1 4323
1 1458
1 3765
1 1541
1 1899
1 4571
1 2285
1 457
1 1380
1 1864
1 3478
1 875
1 3688
1 550
1 4827
1 4630
1 1605
1 1041
1 1693
1 1147
1 3090
1 2343
1 1012
1 2909
1 2853
1 3982
1 3338
1 1058
1 3928
1 453
1 2393
1 2927
1 3386
1 955
1 243
1 2580
1 4144
1 3393
1 1998
1 2757
1 24
1 3347
1 4945
1 1586
1 4242
1 4834
1 1967
1 3022
1 1590
1 507
1 1926
1 1143
1 1993
1 4181
1 2281
1 1193
1 2337
1 1607
1 410
1 3735
1 2068
1 918
1 3400
1 1166
1 4179
1 4024
1 283
1 3244
1 2991
1 96
1 3678
1 3665
1 3460
1 3076
1 3115
1 2957
1 602
1 1339
1 3704
1 4369
1 145
1 4966
1 2346
1 3099
1 1861
1 251
1 3694
1 1966
1 3131
1 4197
1 4339
1 4947
1 340
1 999
1 1853
1 4588
1 1533
1 3340
1 2375
1 3308
1 3461
1 3821
1 411
1 2453
1 4663
1 1941
1 1532
1 1641
1 3743
1 4760
1 3793
1 1682
1 4871
1 2373
1 1841
1 4356
1 3260
1 4207
1 2193
1 2512
1 2741
1 1589
1 1178
1 2725
1 3730
1 14
1 1652
1 1446
1 3352
1 1052
1 2278
1 4920
1 471
1 2474
1 1444
1 4800
1 3341
1 3332
1 1174
1 2133
1 4130
1 4438
1 3595
1 1086
1 2007
1 4678
1 1263
1 3789
1 559
1 2234
1 1637
1 2325
1 700
1 2538
1 4598
1 1574
1 1747
1 284
1 1377
1 1504
1 3969
1 2110
1 591
1 1592
1 3713
1 826
1 4297
1 308
1 3047
1 3084
1 1985
1 3795
1 1501
1 1486
1 2495
1 4209
1 89
1 1463
1 4544
1 2481
1 4927
1 2869
1 4831
1 4974
1 4552
1 142
1 2422
1 192
1 2036
1 1254
1 4599
1 1553
1 1827
1 585
1 3998
1 1210
1 2866
1 3598
1 4343
1 2043
1 2667
1 1679
1 3194
1 4869
1 1778
1 4690
1 3437
1 679
1 2261
1 4042
1 1333
1 4900
1 4748
1 2404
1 2833
1 669
1 4899
1 282
1 3952
1 4525
1 1079
1 1414
1 3745
1 1671
1 3927
1 4395
1 3489
1 4422
1 3682
1 4106
1 4741
1 673
1 434
1 3147
1 4788
1 2084
1 3394
1 3417
1 2135
1 20
1 1699
1 2061
1 1020
1 732
1 1863
1 3064
1 4304
1 1232
1 4824
1 3829
1 4125
1 3493
1 2790
1 3291
1 3593
1 4679
1 451
1 4332
1 3627
1 1536
1 3560
1 1472
1 2910
1 610
1 152
1 3824
1 2173
1 1503
1 1512
1 2949
1 3808
1 2147
1 1604
1 3016
1 4282
1 149
1 671
1 2199
1 1034
1 3050
1 2511
1 4833
1 947
1 2108
1 2632
1 1399
1 3554
1 1915
1 2490
1 2355
1 4063
1 1137
1 2816
1 1514
1 3123
1 504
1 959
1 3333
1 3481
1 4522
1 4952
1 2932
1 2884
1 2363
1 4541
1 4007
1 2006
1 1464
1 298
1 4657
1 4673
1 2616
1 3956
1 2919
1 4870
1 2336
1 3374
1 4530
1 4938
1 913
1 1961
1 3190
1 111
1 2797
1 4825
1 3242
1 3005
1 3079
1 3963
1 4425
1 2212
1 1243
1 1875
1 4984
1 4993
1 210
1 3225
1 3654
1 338
1 3812
1 4892
1 1392
1 1999
1 1131
1 2138
1 1111
1 3053
1 1205
1 1348
1 3010
1 4636
1 4289
1 1453
1 2379
1 3186
1 4236
1 1158
1 4840
1 2321
1 542
1 675
1 1241
1 698
1 1237
1 1594
1 519
1 898
1 1216
1 1004
1 1465
1 4768
1 1247
1 2293
1 2710
1 2624
1 3082
1 2180
1 4964
1 4266
1 4606
1 2679
1 2151
1 1487
1 1690
1 4950
1 803
1 3149
1 1862
1 3582
1 2275
1 4977
1 1250
1 1438
1 2586
1 2536
1 4417
1 1542
1 1383
1 3176
1 112
1 4023
1 3624
1 2102
1 2789
1 177
1 4982
1 3322
1 1806
1 3575
1 4645
1 1397
1 4823
1 1879
1 300
1 593
1 2157
1 1751
1 2111
1 3285
1 1024
1 3464
1 1730
1 2843
1 1733
1 4654
1 133
1 1775
1 2041
1 3566
1 4577
1 1013
1 961
1 1491
1 691
1 2747
1 767
1 4856
1 3422
1 2244
1 1312
1 4479
1 3350
1 3221
1 2216
1 3679
1 1575
1 3518
1 565
1 2014
1 314
1 3870
1 1451
1 2048
1 3947
1 4912
1 4764
1 3690
1 3017
1 758
1 1419
1 240
1 1728
1 1737
1 1480
1 1812
1 1440
1 4292
1 2167
1 3108
1 2105
1 1975
1 3441
1 2440
1 4121
1 3371
1 40
1 3206
1 367
1 4866
1 4955
1 740
1 1299
1 963
1 3485
1 4457
1 514
1 2497
1 1558
1 4099
1 3114
1 4874
1 3392
1 3535
1 523
1 702
1 1493
1 2521
1 1687
1 3026
1 2962
1 211
1 2973
1 3346
1 3492
1 146
1 2723
1 267
1 4108
1 1538
1 3883
1 2533
1 2060
1 3510
1 3217
1 2436
1 4516
1 2827
1 4828
1 3432
1 3985
1 2726
1 1457
1 1416
1 2369
1 3317
1 1801
1 1212
1 2198
1 2057
1 4410
1 3863
1 287
1 2034
1 235
1 3972
1 2694
1 2922
1 1906
1 1991
1 1710
1 752
1 2737
1 3738
1 1639
1 1367
1 921
1 1850
1 3768
1 654
1 3355
1 2871
1 3119
1 2384
1 4206
1 1161
1 4932
1 1518
1 536
1 2238
1 2206
1 4324
1 1413
1 1685
1 2581
1 2003
1 4981
1 862
1 4218
1 881
1 4134
1 1866
1 346
1 4117
1 1261
1 392
1 3845
1 2020
1 684
1 4081
1 3635
1 3019
1 1039
1 2554
1 2645
1 3991
1 4291
1 668
1 3684
1 449
1 2947
1 1608
1 2016
1 339
1 2979
1 4754
1 1922
1 3868
1 3061
1 2859
1 510
1 571
1 1588
1 237
1 2600
1 4145
1 4433
1 1674
1 773
1 1630
1 4967
1 3601
1 2394
1 4953
1 794
1 1691
1 1124
1 3753
1 3563
1 395
1 3661
1 1534
1 3436
1 1096
1 4444
1 309
1 915
1 4261
1 761
1 2739
1 2313
1 1100
1 1917
1 3056
1 2365
1 4421
1 4595
1 2815
1 4143
1 2426
1 1601
1 175
1 3185
1 2288
1 148
1 4742
1 190
1 2847
1 3130
1 3136
1 2228
1 2158
1 2227
1 3381
1 4402
1 171
1 4975
1 456
1 4858
1 4843
1 3971
1 2415
1 2209
1 3096
1 3361
1 4590
1 4518
1 1865
1 1271
1 2601
1 2753
1 1160
1 3171
1 2253
1 4861
1 450
1 2740
1 1044
1 2398
1 1264
1 850
1 256
1 3600
1 4911
1 2218
1 366
1 4791
1 1573
1 1170
1 4903
1 169
1 4817
1 2240
1 4777
1 4399
1 824
1 3907
1 3462
1 1022
1 2857
1 3996
1 3602
1 1177
1 414
1 2103
1 3396
1 4787
1 3487
1 892
1 907
1 4466
1 3226
1 3506
1 4204
1 2188
1 1496
1 1997
1 3669
1 2929
1 4380
1 2762
1 4364
1 304
1 587
1 4009
1 2589
1 4505
1 2069
1 3282
1 3112
1 785
1 232
1 310
1 3192
1 433
1 1358
1 4610
1 2622
1 2424
1 2520
1 4618
1 4473
1 1385
1 4996
1 1986
1 3109
1 3113
1 678
1 1524
1 1126
1 568
1 4186
1 1614
1 2382
1 4115
1 4601
1 1698
1 274
1 4758
1 460
1 1978
1 696
1 3655
1 580
1 59
1 2708
1 1708
1 3877
1 1283
1 3708
1 1595
1 4483
1 431
1 2101
1 1927
1 4031
1 260
1 1021
1 1886
1 2851
1 3931
1 4237
1 1965
1 216
1 4839
1 2027
1 331
1 2921
1 1726
1 1885
1 1363
1 933
1 5307
5 7362
3 6768
2 7378
5 7491
1 7398
4 6811
2 9184
1 871
5 5298
3 895
5 7085
3 6439
3 240
2 5572
3 5162
2 3886
1 1065
3 4190
4 3755
3 1923
2 6697
2 5784
1 1103
5 4650
2 1337
3 3190
1 3151
2 1062
1 5485
1 6464
5 697
4 5095
3 2960
5 9499
1 692
1 758
5 9946
2 1032
4 1199
1 5519
3 6985
4 3764
2 7896
5 7384
1 6720
3 5143
2 8029
1 1095
4 7697
3 4495
1 4916
4 242
1 7383
3 7036
3 7967
3 9038
1 7002
4 3133
5 7327
5 8917
1 3472
2 2869
5 4682
3 344
1 3235
1 2111
4 3279
1 1981
2 9762
3 4981
1 9798
2 1007
2 5444
2 2214
3 2695
1 6531
2 5618
2 7229
2 5733
1 1373
4 7388
5 5338
5 1901
2 2097
1 8442
5 8091
5 6296
3 7655
4 621
1 3534
3 7273
2 9615
1 8309
5 2982
1 565
3 8152
2 6483
2 4959
2 5398
4 2068
4 4613
2 5798
1 8681
3 2415
3 4336
5 4948
4 7998
1 5666
4 5087
3 179
5 3774
2 9592
1 4245
2 7533
5 4083
2 2691
5 6849
1 9646
1 8386
5 2902
4 6179
4 8878
2 1442
1 1114
2 6162
4 4282
5 1784
5 2160
5 980
4 8088
2 6535
4 1489
4 2725
2 6703
1 7686
4 4006
4 776
5 6992
2 5227
3 6209
5 7121
3 8185
1 9669
2 1593
2 9719
5 3580
2 7706
1 9881
4 5555
4 2193
2 2344
1 5489
1 6949
3 3332
2 4906
5 2090
3 8345
4 9537
2 1902
3 5761
5 6055
1 8417
1 3863
5 5904
2 4140
5 3018
3 4810
4 4718
5 5604
5 7026
4 6376
4 7383
4 551
4 3297
5 5464
4 7309
2 3152
4 1591
5 5037
1 9010
1 4559
2 3500
5 4952
1 5651
4 2151
4 80
2 2628
2 4502
1 4207
5 6647
1 8136
1 1228
2 9035
1 8679
2 6454
4 1286
1 7365
3 8506
4 6677
5 715
5 111
1 6533
4 2775
5 3639
1 4188
1 1481
4 5441
2 9696
3 6905
5 4841
1 3190
2 3245
1 1774
5 4686
1 4495
5 8611
1 49
5 4446
2 8747
3 8855
2 2402
5 3484
2 2181
5 7581
1 3897
4 6818
2 4108
4 2899
3 8214
3 4445
2 6727
2 3003
2 6230
2 592
4 6584
1 2559
1 8834
2 5383
2 6388
4 8431
4 7158
1 4056
3 3977
5 3531
5 7625
2 4354
4 9068
1 5090
4 8949
4 5423
5 157
5 5993
3 5409
2 4931
3 7744
4 2028
2 2806
5 2322
3 2779
3 8243
4 5787
3 6927
1 1795
5 4410
1 1302
1 1068
5 8696
2 3088
2 5551
5 9829
4 9753
2 1145
4 4434
1 2245
2 1662
2 9112
1 218
5 4776
1 667
2 6556
3 2995
2 2620
2 5885
4 4796
3 556
4 1621
1 1395
4 9652
5 9860
3 3054
4 9458
3 7497
2 4069
3 6744
5 2565
5 2861
5 2170
5 2047
4 9984
3 4391
1 9707
4 1764
2 7395
5 800
4 363
2 591
3 7657
4 5410
4 2893
2 5298
5 6921
2 8562
3 4948
5 2528
3 4178
3 3074
3 919
5 9044
1 8687
5 7299
4 8195
4 8891
1 434
5 8682
1 9369
2 2589
2 8106
5 3409
5 7246
4 6296
4 2926
2 6033
3 3466
3 4616
1 9174
2 482
1 1879
3 6574
3 2848
4 8965
4 9525
1 6286
5 1058
4 9887
2 9189
4 7057
3 2127
1 1946
2 1434
2 9293
2 8390
3 1983
4 1807
3 3422
2 3214
1 5659
4 3783
4 9692
4 5308
2 6022
2 8824
5 5087
4 7054
1 3140
5 8675
5 1144
1 5304
5 6367
5 8548
2 9927
5 2492
5 8554
1 2194
5 8492
2 8542
5 5004
4 5733
1 1504
2 7635
1 6786
5 9233
5 6291
4 4333
5 5064
3 6275
1 6242
5 3236
4 8023
3 6358
2 2749
3 2387
2 3085
5 8896
2 2262
4 4767
4 6446
2 7933
3 7488
1 6012
3 1809
4 8397
3 2987
4 2508
3 6799
2 7320
2 4687
4 9512
2 5339
3 7668
4 7534
3 2702
1 4448
3 3274
2 4263
5 2333
5 9830
1 6135
4 5360
4 1441
3 2954
2 6935
4 6733
5 4858
5 7794
5 8787
5 3218
2 3719
5 3934
3 7482
2 8705
5 3317
3 1293
1 9067
2 5258
2 7173
3 6204
1 8648
2 4318
4 7301
5 9142
3 6789
4 7963
4 2049
4 7238
1 9927
2 6182
2 6917
2 2655
4 7850
2 6996
2 3471
4 2671
5 5732
3 5643
1 7724
2 6874
4 5619
5 1106
1 3373
3 2519
5 1146
4 5807
1 4420
2 2060
1 6546
1 4424
3 7147
2 8687
2 8362
2 9681
2 6663
5 6997
3 6471
5 7572
3 207
4 3289
1 4739
1 8263
4 5174
5 2955
3 5569
3 4055
2 1533
4 5249
3 1773
4 8427
1 5566
1 9261
3 3254
1 2542
4 9112
2 1797
4 9363
4 7938
5 5491
1 6004
2 4487
2 6179
4 6610
2 1336
5 5891
5 6742
2 5774
1 4400
2 1546
2 2333
2 9028
4 8440
1 6589
1 5560
4 6418
4 4399
4 9441
3 5970
2 1268
1 1759
2 2269
1 1696
2 1211
2 7780
1 8871
5 2805
3 8798
3 8775
3 164
2 5513
1 5899
4 6575
3 5125
4 6118
4 3761
1 6333
5 4635
5 304
5 1509
4 2722
2 8178
2 2666
5 199
1 7137
3 7573
3 1598
5 1520
3 1918
1 8229
2 7547
4 1595
2 6264
2 1656
4 9387
4 8843
4 9635
2 9301
5 1624
5 9466
4 8656
2 5532
2 3659
2 1569
4 9090
1 840
4 251
2 2005
5 8920
2 4640
3 8858
5 7518
1 2604
3 2735
4 1736
4 6684
3 8220
1 473
3 2658
3 5370
3 84
2 5476
1 1817
1 3809
2 9477
4 3633
3 1066
1 4761
3 5582
5 6466
2 1391
2 4961
2 7531
3 3600
4 4605
4 7067
5 9968
5 9361
4 4360
1 7763
2 9204
3 5931
1 5718
5 9470
2 2216
4 7282
4 7336
5 9000
5 9111
5 5767
2 3375
3 2297
5 8985
2 9154
4 5251
3 7922
1 3498
4 6653
1 7696
2 7053
5 9239
2 3920
1 2394
3 8218
3 5585
2 4596
5 9351
2 7029
1 7066
2 2909
5 6154
2 3254
3 2622
5 4590
3 6646
4 4669
4 7300
2 4602
1 2976
4 8433
3 4665
5 2823
5 8690
5 5785
4 8603
1 9054
5 7578
3 4289
2 4985
2 126
1 519
5 5733
2 220
5 6060
5 5746
2 5923
4 3871
1 5452
5 8440
1 4237
5 2191
1 1186
2 714
5 2661
3 3380
5 6341
3 3922
1 2743
1 223
4 2948
4 3467
4 2631
2 2648
3 8188
2 3158
1 1799
3 2769
5 1070
1 9990
4 8967
4 5203
5 6968
5 4728
2 6325
5 8228
2 9190
3 1676
4 535
3 6257
4 2211
4 9501
4 893
2 3644
2 1335
1 9470
1 4534
2 8341
5 5089
3 1023
2 2944
5 6189
4 5890
1 4566
2 4723
2 9014
5 5588
5 3509
5 814
1 8581
4 2652
4 2352
3 5429
2 8028
1 8424
5 3046
3 5943
3 1847
5 5549
4 3503
2 4524
3 7374
2 9537
2 2748
5 3170
4 6373
4 9856
5 5169
4 580
4 8467
1 5181
3 768
2 6334
2 9415
5 8292
4 7536
3 5251
3 856
5 7442
5 5295
1 372
2 6165
2 9024
3 3961
1 9986
1 7678
1 4899
2 1772
5 1847
5 6718
1 2335
4 6138
2 4993
2 8881
1 9930
1 8049
5 6871
5 6008
3 2811
5 9023
5 1541
4 7127
2 6271
4 5182
2 7726
2 8344
3 9532
5 9900
2 7882
2 4419
4 1077
4 8349
2 5170
2 1718
5 1620
3 4956
4 8662
1 4470
1 2945
1 4821
1 4728
4 75
1 361
2 350
3 262
1 2136
4 4122
2 7127
2 8785
4 5280
5 4486
1 2557
5 3844
2 3506
5 3222
4 5258
2 7190
2 5026
3 4061
5 6401
4 3938
4 4377
5 5641
3 6660
4 4735
1 7514
3 1601
3 4573
4 7504
2 7883
3 4198
3 248
2 398
5 1043
5 6999
3 3015
1 7373
4 9599
1 6329
4 2667
1 9266
3 5984
1 8261
1 3645
1 6294
1 5318
2 2323
4 2799
2 5969
3 4067
2 792
2 5465
5 1954
2 5835
1 2609
3 4455
2 4409
5 6954
1 1031
2 6628
5 688
1 610
4 106
5 9726
5 4252
5 8214
3 6715
1 5167
3 5132
3 2617
3 7648
1 9398
5 9848
4 2428
3 7672
1 1219
4 9827
2 8606
1 3845
1 6122
1 3496
2 2544
3 2955
4 8121
5 9199
5 9525
2 4406
5 7673
3 826
2 46
3 3160
3 3512
1 7236
2 6003
5 9133
2 5945
4 1171
4 6710
1 9996
1 8047
1 4614
5 525
2 2819
2 3276
4 8862
2 6841
3 818
2 3196
1 6560
3 5956
3 5566
1 2112
4 7493
1 4440
4 9802
3 932
2 6467
4 1656
1 1316
2 245
4 1152
4 9908
5 4653
5 2724
5 707
5 6251
2 3927
4 6583
4 9742
1 3238
1 6245
1 2067
4 5845
5 4696
3 5239
2 4552
5 7963
5 5712
5 4605
3 2241
3 7635
4 6270
3 1411
4 823
2 7448
5 2538
5 8165
3 7363
2 7198
4 6215
2 8963
5 527
4 9224
1 9494
3 5270
4 358
2 2418
1 5071
4 6318
5 5977
3 9205
2 6225
1 9666
2 9150
3 3344
5 9430
1 2768
2 2056
1 5670
5 3506
2 886
1 6229
4 3404
4 3742
1 2732
1 4536
3 5330
3 7243
4 1365
5 2036
2 8664
2 836
1 9029
5 5912
5 1589
5 6972
5 9388
1 2358
1 7006
3 907
2 6419
5 1597
1 621
2 2762
4 2089
4 5037
1 5907
3 7286
2 4037
3 1794
3 2050
4 7891
3 938
4 4656
1 3248
3 8691
5 5674
4 5848
5 2794
4 1925
1 7948
2 1066
1 7100
3 2418
3 6880
1 4024
5 7658
4 3466
3 125
2 3739
5 4456
5 8145
3 4845
1 7541
2 6406
1 5753
2 315
5 9082
5 742
4 4474
3 5905
5 3593
2 1638
3 6924
2 5478
5 2502
4 9455
5 8347
1 5909
4 2445
1 7579
1 3678
5 9765
4 8581
5 8034
2 1114
2 6618
3 2123
5 1383
2 5966
3 6301
4 9879
1 5769
3 614
3 5220
3 7189
4 7546
5 4934
3 6189
4 672
1 6623
5 4067
2 2039
5 2730
4 7575
2 660
3 218
5 6349
4 7051
5 7745
1 1268
5 8869
5 4385
1 8066
4 8092
2 5494
5 3558
3 7622
3 6088
5 4833
3 7679
1 1632
3 7576
5 2121
2 6297
3 6367
2 4214
1 9137
4 6770
2 3186
3 6351
1 7385
2 8537
3 3354
5 223
2 7123
3 6509
3 1316
1 5211
3 550
1 6049
4 3493
5 5708
1 5201
5 6667
3 3856
1 4971
2 2665
5 522
4 9720
2 5468
5 1381
2 2442
5 2607
1 7869
4 6961
2 9235
3 4683
3 6589
5 9106
5 8661
2 7772
2 1977
3 5579
2 330
1 615
5 6377
1 7021
5 2953
5 3227
5 6979
5 4775
1 1443
4 1148
3 1780
5 3611
4 8368
5 362
1 1702
4 9977
2 7281
3 5558
4 6845
1 6433
3 8041
2 3191
1 8552
5 8505
3 5261
5 8685
4 2349
2 1611
3 5242
4 98
4 8678
5 1511
4 896
5 684
4 8322
2 2125
5 3888
4 4617
1 4562
1 3052
2 4367
4 158
4 8732
4 6214
3 3155
5 9759
2 8023
3 2062
1 7561
4 3474
5 5003
3 9253
4 8344
1 4973
1 5102
5 7899
1 4287
3 5718
4 4142
2 3328
1 894
3 4688
3 2704
2 1194
2 2218
4 2937
4 1533
3 118
2 3757
5 6208
2 6538
1 5007
4 2624
3 1963
2 2313
3 4341
4 4522
4 2927
4 521
2 9575
4 8762
1 4787
5 6563
4 3052
1 4885
4 503
2 4992
3 6140
5 8340
5 7258
5 6955
3 470
3 7547
2 6194
3 2480
3 654
3 7044
2 7995
2 9554
4 166
2 9861
4 9891
4 1088
5 9666
3 1974
4 450
2 4813
3 4565
2 6019
3 883
5 3391
3 2258
1 3846
2 5374
5 4660
5 166
1 8967
4 9181
1 6191
3 3065
1 9761
3 1784
3 2227
3 1311
2 9229
4 681
3 3981
5 6861
4 3885
4 8649
1 5809
5 7528
5 1257
1 1297
5 2424
5 5537
1 574
5 7322
4 1141
1 7405
3 2587
2 4940
5 8459
1 8770
4 1952
1 9575
4 1970
5 1351
1 4688
5 4821
4 3308
1 4290
1 2014
3 7708
4 6632
3 7058
5 7797
4 5210
1 6733
1 8048
2 4796
4 8487
3 8048
5 3064
4 2437
4 2736
2 7596
4 5883
1 2051
5 5718
2 5390
1 5925
5 3785
4 1558
5 4759
4 9154
1 6635
3 3229
1 5644
4 2153
4 2553
3 8401
5 9724
3 6638
1 1375
5 2275
4 2653
1 7857
1 2835
1 942
3 5181
5 79
1 2577
4 82
1 4556
1 8544
1 1934
1 8159
1 9702
5 4081
1 2899
4 6313
5 1177
1 2456
2 472
4 2966
1 750
1 2123
4 8996
4 8573
3 1604
2 6568
2 4855
1 5715
2 731
5 5598
2 3893
2 2694
1 4832
4 1496
5 2359
4 7866
1 1628
5 7531
4 6459
2 2011
4 7738
4 8858
4 3513
1 2492
1 1793
3 2757
2 4471
2 3909
4 8402
1 4284
1 7323
2 9875
2 897
5 2973
3 5912
1 6884
3 2337
1 3199
5 2749
5 7813
5 5995
1 5138
4 1587
2 8119
5 2844
5 8131
1 8506
3 2088
2 1595
4 1208
5 2046
1 4618
2 5985
2 5552
4 7218
4 9806
2 9491
2 3373
4 7193
2 5670
4 2655
5 9841
5 4087
3 6842
2 4298
1 51
5 2513
3 4733
2 5004
5 6707
4 984
3 5422
3 2998
1 4720
5 5072
5 3897
3 8062
3 5170
5 2417
5 3601
4 3544
1 3611
3 3898
1 6530
1 6912
2 9748
3 3218
4 8661
5 4237
2 265
5 9326
1 879
1 9075
1 4227
3 7781
1 7335
5 2776
3 615
5 2625
4 6933
4 6203
2 6005
1 119
5 7954
4 2664
5 6821
4 6496
4 3695
2 2743
4 3986
1 3532
2 310
5 3422
5 9721
4 9301
1 9634
1 6901
1 4000
5 5158
3 4553
2 2413
5 4026
5 6903
1 2486
5 7462
5 8710
2 6626
3 6117
4 6239
4 4583
1 1402
1 4247
5 7706
2 9911
4 413
1 4411
3 7343
3 2931
3 5818
1 5370
2 8120
2 5987
4 4495
5 579
3 6235
1 5235
2 5623
5 5280
5 8159
1 5207
3 885
3 8004
1 1596
1 202
1 4017
5 5201
1 6239
4 6981
2 5255
2 1728
4 90
2 7318
1 2540
1 8601
2 8552
5 9101
2 8084
2 784
2 2737
4 9032
4 6538
3 6858
4 1492
4 8339
5 9291
5 4519
5 1443
1 4327
5 4689
4 3825
4 8341
2 1813
3 9398
1 4731
4 718
3 7225
3 7316
4 2451
2 1485
2 772
1 103
5 7771
5 8817
4 2214
1 573
4 6607
4 7065
2 4335
2 8509
3 5793
5 919
2 7668
2 7046
3 5736
3 3967
5 4898
3 2716
1 6908
5 3777
5 901
5 7266
2 8046
4 4074
1 5914
2 4872
2 7038
5 2811
3 5135
4 9993
3 7261
4 9852
1 6927
1 4505
1 5980
5 6590
2 874
5 7443
4 1258
5 5484
1 5678
1 4705
3 2168
1 8157
5 8253
3 1835
2 7636
1 8034
4 3291
2 8197
2 3609
4 572
2 7163
3 6994
4 4457
5 9189
3 3525
4 3647
4 2503
4 233
1 7569
1 2488
2 7299
5 9161
3 839
1 9545
2 2306
2 5087
5 8278
2 5689
4 1813
5 6451
4 1133
3 7591
5 7069
2 4794
2 9029
5 8390
1 194
4 4324
5 1522
2 6397
3 4247
5 9276
2 2587
5 2473
4 1026
2 9683
2 8545
3 6569
2 9092
2 4938
2 4886
3 6691
2 5816
4 4966
3 7096
5 4211
2 4374
5 1730
2 2639
2 9891
4 4165
5 777
5 5701
2 8939
4 478
1 5824
2 7964
2 2148
1 9437
2 2427
4 197
3 2170
2 8536
4 136
1 8164
4 7715
3 8635
3 4381
3 4350
2 9511
5 7144
1 9128
2 3701
4 4078
2 6961
4 1556
4 9691
4 9823
5 784
5 6543
2 2534
4 8404
1 5894
2 7293
1 2448
3 5734
4 9223
1 1837
2 4667
2 3046
1 8241
5 8657
1 1422
5 3040
4 8839
3 6085
4 8925
3 5511
4 7295
1 505
2 7155
1 1748
4 1600
4 8658
5 3624
5 504
3 931
3 459
2 1951
4 9829
4 3584
5 3551
5 2653
2 1226
3 7366
4 4965
4 7197
4 8585
3 2634
4 1092
4 2790
1 6368
4 2184
3 1442
4 8559
2 9989
3 7893
1 206
3 2950
3 4010
1 6692
3 1238
4 3728
4 8554
5 4950
4 8655
2 3410
5 3080
1 6218
4 9630
1 7868
3 165
3 5525
2 6787
3 6752
4 4750
2 9405
3 9536
2 9788
3 5954
4 9232
3 350
1 4663
1 9869
2 3647
2 774
2 6965
1 1855
4 6365
1 726
3 4904
3 4459
2 4653
1 1540
5 7027
3 4256
3 5710
2 1483
5 4637
2 7991
3 6976
1 3451
1 5869
4 375
1 9864
1 2026
4 6282
5 2395
5 8068
3 1486
2 4016
5 259
4 2335
1 7257
4 3437
3 6264
2 312
4 8417
1 2415
4 6230
2 5852
5 7192
1 2989
1 6597
5 1010
2 3089
1 1703
1 653
5 1125
1 7527
1 7768
5 2268
5 5719
2 8981
1 8955
5 1485
2 5944
4 7146
5 2274
1 804
4 7385
1 6237
5 8600
4 6178
2 3526
2 7435
1 6807
4 56
3 2380
1 1112
2 3980
4 4300
4 5400
3 8833
2 7583
4 4927
4 2331
2 4316
3 5115
3 5657
2 5747
4 6075
2 9855
1 3219
2 9818
4 5205
3 8501
3 725
5 2402
4 4970
5 2735
2 4870
3 1764
1 6725
5 521
1 9520
2 4731
2 8670
4 4338
4 3334
1 5413
4 9162
2 8027
2 4009
3 389
2 105
4 3877
5 6434
5 1328
5 7458
1 8213
5 5534
1 7043
5 2739
1 3183
2 5102
3 5570
3 3363
3 1712
5 3477
4 9486
2 6337
1 5374
3 3510
2 7385
4 741
1 3467
3 7642
5 9691
3 5546
5 9300
3 5086
1 9251
1 981
4 8815
5 8021
1 1630
5 5474
1 77
5 3677
5 596
2 9060
4 7662
1 4159
1 2951
2 3168
1 7058
1 3717
5 485
4 7202
2 758
5 6729
5 4423
4 1438
1 3389
1 4462
5 4102
1 8546
3 1988
1 8341
3 7875
1 8510
5 9405
3 7865
3 6313
3 1342
3 2816
4 5028
2 3140
4 2223
5 2326
4 1669
4 8941
3 5874
4 4373
1 8576
4 1765
3 7100
1 3499
2 5379
5 6956
1 3056
4 5398
1 3161
1 8153
5 4203
3 3381
3 7195
1 2885
5 3115
5 9811
1 1565
5 882
2 1940
2 5638
1 2312
3 5613
4 3706
3 2805
1 8075
4 9178
3 9082
3 5733
5 6659
3 6280
5 9099
4 1571
4 8582
3 2675
1 9344
3 3775
3 8364
5 663
4 6747
5 6131
2 4100
5 5352
4 1059
4 9156
3 3802
4 388
2 476
4 1661
5 2172
1 6654
1 8986
1 8793
3 866
2 9438
5 3260
4 1789
1 1089
2 4800
2 3304
3 155
5 5783
4 180
1 3658
1 394
4 1662
3 8861
4 3485
5 4089
5 8356
3 2347
1 7666
1 7842
4 9236
5 237
3 3080
1 14
2 3939
2 9816
2 259
2 1201
3 4789
5 526
1 7117
5 9874
2 6515
4 6966
4 2474
1 1269
2 7817
4 9437
4 9750
1 9896
5 4045
3 5446
2 375
4 6401
1 5606
3 7841
5 9123
4 1283
1 1785
2 2708
2 8282
4 4197
4 3668
3 3656
2 7362
2 615
5 7040
1 321
2 3729
3 4978
5 3949
3 8696
5 5284
5 6771
5 9022
4 262
2 2558
4 3780
5 533
3 7300
3 7837
5 5496
4 1306
1 140
1 6494
4 7815
4 5989
5 5569
1 1365
1 426
5 8245
2 1425
4 87
2 8800
4 9571
1 2584
5 7187
1 1040
5 7353
2 9565
4 62
2 6350
1 7988
3 8527
5 6112
5 9222
3 5645
3 8073
2 2674
3 890
1 7881
5 5659
3 5381
4 4724
1 4116
2 1407
3 5288
2 9777
2 7311
1 5632
2 5819
2 6156
2 1622
1 7649
3 2927
5 630
5 3870
4 5266
1 4252
2 4336
1 2772
3 6879
2 2114
4 1313
5 3312
4 3266
2 4301
3 6457
2 2098
5 9782
4 7048
3 1214
5 241
4 2225
2 119
1 2038
2 1271
1 5193
4 2959
4 6435
4 289
5 1151
2 4784
1 3884
4 516
2 6742
1 5016
4 4638
1 7971
2 5561
1 5841
4 8480
4 4874
2 5933
1 5732
2 4394
2 4788
1 5018
4 8595
2 6561
5 5414
4 6265
2 2871
5 2154
1 948
3 3896
5 7862
1 4276
4 4956
1 2682
4 481
4 7876
1 687
4 5190
5 8215
2 6302
1 7270
3 806
1 8445
4 1676
5 5207
3 3006
4 6751
5 2939
3 6506
3 1888
1 2510
3 6468
5 1421
4 2522
3 3128
3 2407
1 7508
3 4008
4 8602
3 8928
1 4587
3 1030
3 3000
1 8621
4 5659
3 1014
1 5236
4 45
1 4712
3 9953
3 8482
1 3295
2 6614
3 6773
5 8123
2 3796
1 8233
5 8059
4 5557
1 1647
3 5795
4 7952
5 3524
3 3798
3 7946
5 4411
2 5466
5 424
5 4733
5 5463
3 4655
5 4187
5 563
1 3749
4 4082
2 3066
1 1134
1 2361
3 7279
4 8869
4 3612
5 3747
3 6231
3 7617
5 2786
5 2209
2 1753
1 5930
5 7071
5 1583
5 9184
2 4805
1 3119
1 9469
3 619
4 4244
1 7787
2 2722
3 4795
5 9528
4 8256
1 586
4 4211
1 7946
2 2488
2 4464
3 9942
2 6026
2 7520
3 3194
4 2430
1 6208
4 1074
3 5940
4 734
5 9865
2 1943
3 2000
1 5353
4 491
3 6840
4 2661
2 3694
3 5564
5 706
2 6433
4 5001
5 2025
3 3666
2 5764
4 703
1 8695
5 6576
1 136
2 2222
2 160
5 1126
1 7428
1 9826
1 3177
2 6920
1 1953
1 9453
3 7598
5 1669
4 37
5 3956
2 6270
4 2162
3 5965
2 1709
5 7715
3 2036
3 3361
3 6109
3 6355
5 8501
1 6274
2 2248
3 464
2 2161
2 4660
5 3122
2 1552
1 8300
2 7968
4 3290
1 3287
3 7220
2 5935
1 8469
3 3703
2 9209
2 9899
1 3343
4 8336
2 809
5 7332
5 8321
2 2870
5 3358
3 5142
4 3983
1 5957
4 1347
2 4141
5 6248
2 5525
4 3223
3 7673
1 5764
2 415
2 4470
3 3093
3 2830
3 7551
3 2177
3 4005
2 314
3 4007
4 7450
5 4040
3 858
2 8212
4 7983
5 2707
1 4249
2 1351
1 2459
3 7553
1 1223
1 5459
1 1975
2 5462
2 9897
1 8803
5 8266
1 4414
2 3965
1 7942
5 3048
1 2304
2 3394
5 481
2 9847
4 4510
1 3411
4 4879
4 2147
1 1936
5 1951
3 2852
1 7992
3 9706
5 5337
4 7208
3 4993
2 2430
1 5513
1 2708
2 8641
2 8897
1 7329
1 7802
1 2990
1 1050
5 301
2 3057
5 9308
3 1526
3 4246
4 4990
1 7198
3 4504
4 9946
4 8844
2 8940
1 1754
2 5011
4 4745
5 2504
5 9704
5 2192
4 3830
2 3723
2 5948
4 3676
2 445
2 7911
1 1783
5 8922
3 7373
3 2388
1 3928
5 3745
1 7958
2 3025
4 8464
5 5635
2 5063
1 8968
1 4141
5 4086
3 7616
1 6276
4 448
2 1313
5 5819
4 7659
1 3397
2 656
4 6284
4 5952
5 2449
3 2341
1 600
4 4061
2 7949
2 3604
5 8467
5 1600
2 6908
1 9997
5 5957
2 9143
1 9493
4 1798
2 3896
4 2886
4 1436
5 3101
2 977
2 3975
3 3925
3 8054
2 1850
2 6905
3 2696
1 7440
3 8394
1 1730
5 7412
1 1904
3 6703
2 7237
4 2199
5 4398
1 2048
3 6982
1 2731
4 5996
5 7221
1 1723
1 3629
1 4964
5 7023
5 3411
2 8684
1 241
1 3916
5 78
1 7359
5 4198
4 7903
4 2280
5 302
5 5717
1 913
4 131
1 806
5 9339
4 1383
2 3738
4 3265
3 8606
3 7526
5 207
1 6414
4 9766
1 9444
5 3276
5 7617
4 8881
3 271
5 1573
4 383
3 2799
1 7883
2 1460
5 9927
3 3956
1 268
5 4421
4 1075
2 1375
4 5616
1 2384
5 8619
3 1362
1 7631
1 9767
1 2189
2 586
5 8979
4 2192
2 3516
2 6893
4 7170
3 4967
5 9933
5 415
3 6961
2 4215
5 8640
5 8583
3 6513
1 9611
3 5815
3 421
5 3251
4 4203
1 2560
3 5722
1 4921
4 9072
1 2723
1 8018
4 2252
1 9199
5 4263
1 3834
2 5419
5 3083
4 4743
1 497
3 7897
2 8203
2 652
2 8422
5 4250
1 6019
3 3734
4 7227
3 642
4 4620
1 6841
5 503
5 6199
5 1571
4 7809
1 2280
3 2007
1 9477
5 3794
5 1469
3 1321
1 1368
3 2406
1 537
5 4872
4 8953
3 1189
4 7189
2 8395
1 2515
3 5411
4 7007
4 5698
2 5338
2 653
1 6160
4 889
3 8193
3 4425
4 2130
5 2083
4 9543
2 9418
2 2793
2 4654
1 3339
3 4730
5 9964
3 6706
4 7166
2 6294
1 1901
2 8738
1 122
3 7852
4 810
4 9960
5 8202
4 6069
1 7436
2 6228
5 6981
1 9522
3 6354
5 8489
4 3842
4 7713
4 461
3 4486
5 9702
5 1862
4 6511
3 5972
4 8663
1 4107
4 1938
2 4894
3 242
4 8504
3 813
2 2784
1 8466
3 7509
2 4964
3 5336
2 6255
5 5275
5 1825
4 5602
5 7679
2 6716
5 5035
5 6461
1 9968
5 4514
5 7579
5 6222
2 7401
3 2109
2 1962
2 3964
4 6245
3 8063
3 7379
5 6781
1 7754
3 6990
2 2322
3 9003
2 7429
3 6463
2 2695
3 7825
5 7916
3 2853
3 5629
4 3924
5 7892
2 5938
1 42
3 4108
5 4658
1 3074
4 4119
5 293
1 9895
4 6554
4 9253
2 1561
4 8972
2 3012
4 9104
4 5673
3 4943
5 9156
3 6271
5 5254
5 7984
2 9228
5 4644
1 5312
5 3145
3 1791
5 6744
1 4243
5 336
5 1642
5 3652
3 4189
4 6647
2 7472
1 728
2 832
1 5340
3 7186
1 2262
4 6277
3 7238
5 9126
3 6926
4 5250
4 5240
5 5383
2 8857
2 6108
5 9434
4 2817
1 5168
5 930
3 8013
3 9184
3 846
4 2872
1 2621
1 777
5 5611
1 3386
2 9722
2 9706
1 1108
1 1749
1 3280
1 2569
1 509
1 489
1 3177
1 3975
1 1606
1 1320
1 2630
1 3183
1 1097
1 1267
1 3356
1 3599
1 3706
1 3468
1 1346
1 1847
1 2360
1 926
1 734
1 1162
1 4859
1 230
1 4095
1 3425
1 4400
1 4305
1 3101
1 2390
1 3284
1 1319
1 2189
1 1433
1 4970
1 640
1 1489
1 4423
1 2315
1 275
1 2567
1 273
1 3402
1 996
1 2598
1 2819
1 1065
1 2555
1 4151
1 1332
1 832
1 3633
1 2856
1 3002
1 4461
1 3891
1 1598
1 1513
1 3805
1 3677
1 4924
1 2498
1 546
1 4555
1 1877
1 3030
1 4060
1 3211
1 1448
1 1731
1 769
1 4387
1 4377
1 1238
1 1329
1 2571
1 376
1 2175
1 2631
1 3879
1 3264
1 4012
1 3755
1 3725
1 642
1 3702
1 3220
1 2348
1 4054
1 427
1 1195
1 3057
1 4925
1 2357
1 2876
1 4025
1 1033
1 2619
1 3223
1 2053
1 1471
1 2217
1 4676
1 2380
1 2834
1 4888
1 2524
1 2688
1 2414
1 1405
1 1894
1 3334
1 2239
1 402
1 2545
1 2913
1 3238
1 1797
1 4523
1 1436
1 2089
1 3806
1 1748
1 897
1 4412
1 323
1 4262
1 4602
1 4490
1 1203
1 28
1 1650
1 1717
1 4110
1 2608
1 2439
1 1613
1 1028
1 2028
1 3828
1 4200
1 2136
1 1670
1 2606
1 2535
1 2094
1 983
1 2925
1 727
1 1945
1 2243
1 1636
1 4931
1 2381
1 4299
1 2526
1 1230
1 1618
1 3128
1 215
1 2354
1 3212
1 3948
1 1852
1 2214
1 538
1 3814
1 3247
1 2052
1 3850
1 3744
1 880
1 1029
1 649
1 1837
1 342
1 1758
1 4360
1 2437
1 2941
1 2562
1 2902
1 4217
1 4222
1 859
1 942
1 3369
1 4280
1 981
1 643
1 853
1 2129
1 1817
1 430
1 3439
1 3818
1 4032
1 4484
1 4978
1 478
1 3458
1 4879
1 2817
1 941
1 1246
1 249
1 1424
1 3871
1 1287
1 2220
1 3349
1 3618
1 3849
1 2302
1 3648
1 2628
1 4474
1 856
1 3882
1 3431
1 3261
1 515
1 3571
1 4168
1 2100
1 920
1 1418
1 4865
1 4810
1 625
1 1811
1 1304
1 1295
1 3740
1 624
1 1700
1 4857
1 3021
1 884
1 820
1 1360
1 3385
1 2097
1 3339
1 4805
1 2831
1 632
1 2995
1 4403
1 3917
1 492
1 2523
1 1209
1 2457
1 2406
1 3479
1 1557
1 467
1 319
1 4902
1 932
1 4406
1 1057
1 9
1 685
1 2559
1 3140
1 3154
1 1133
1 1593
1 1785
1 2054
1 2248
1 798
1 355
1 3491
1 886
1 799
1 4722
1 1579
1 1289
1 3139
1 2818
1 2134
1 2844
1 3831
1 1833
1 1779
1 3430
1 4228
1 982
1 719
1 25
1 4155
1 1736
1 3590
1 1962
1 1102
1 4785
1 3875
1 1043
1 1455
1 1389
1 124
1 4313
1 2761
1 1755
1 3366
1 3443
1 3275
1 2400
1 4366
1 4961
1 1015
1 896
1 1949
1 2251
1 1782
1 1402
1 540
1 3415
1 3844
1 3323
1 2476
1 3637
1 1788
1 4384
1 2836
1 4649
1 11
1 1958
1 833
1 1842
1 1344
1 1954
1 1735
1 4434
1 1984
1 1145
1 2349
1 4459
1 2492
1 4388
1 776
1 2274
1 2770
1 4886
1 121
1 944
1 3003
1 1561
1 3527
1 3164
1 2146
1 2943
1 2494
1 821
1 316
1 132
1 3232
1 861
1 3351
1 330
1 1303
1 4298
1 652
1 3290
1 1499
1 3524
1 2301
1 350
1 389
1 2775
1 613
1 4409
1 2432
1 3689
1 2641
1 1884
1 4306
1 2456
1 1357
1 4478
1 4980
1 766
1 353
1 361
1 4133
1 4659
1 2298
1 1994
1 3674
1 2760
1 3580
1 1163
1 3086
1 2809
1 4411
1 4650
1 1615
1 3724
1 3200
1 3895
1 3337
1 4078
1 1763
1 391
1 1197
1 1368
1 3471
1 1087
1 2229
1 762
1 1266
1 2065
1 3482
1 2211
1 964
1 4172
1 1128
1 462
1 3578
1 903
1 2178
1 3920
1 4314
1 1334
1 4745
1 115
1 1002
1 4348
1 4801
1 4491
1 4089
1 2190
1 3344
1 131
1 781
1 4451
1 2766
1 444
1 1898
1 2452
1 41
1 676
1 3474
1 2923
1 3301
1 2736
1 4894
1 2226
1 3262
1 4287
1 4887
1 1426
1 1007
1 2265
1 2292
1 1014
1 911
1 513
1 3477
1 4854
1 1327
1 4220
1 2123
1 1167
1 3675
1 1845
1 4096
1 1539
1 1361
1 619
1 4065
1 917
1 4085
1 1769
1 1233
1 4438
1 3746
1 3024
1 404
1 2247
1 4695
1 3540
1 1657
1 4232
1 2935
1 2610
1 3215
1 3060
1 2898
1 1365
1 4999
1 311
1 2648
1 2852
1 2623
1 2750
1 352
1 4811
1 3321
1 4670
1 2458
1 784
1 3509
1 4055
1 2596
1 2471
1 530
1 1257
1 4170
1 4480
1 2132
1 1477
1 3276
1 2484
1 1062
1 1019
1 2803
1 3569
1 3764
1 2830
1 3421
1 1946
1 2518
1 4462
1 4183
1 1180
1 2287
1 2260
1 2107
1 3769
1 1821
1 2335
1 3620
1 3798
1 2640
1 4404
1 904
1 900
1 3659
1 4524
1 2879
1 620
1 2924
1 2376
1 1375
1 1829
1 1316
1 1843
1 2745
1 1803
1 4497
1 3193
1 1322
1 644
1 3701
1 2290
1 3098
1 3894
1 4245
1 448
1 3833
1 3028
1 581
1 2316
1 1108
1 3650
1 3168
1 2489
1 3698
1 4807
1 4038
1 1564
1 3184
1 2125
1 3517
1 3475
1 3267
1 726
1 557
1 4123
1 2033
1 868
1 3408
1 713
1 583
1 783
1 3327
1 3490
1 1030
1 2004
1 3858
1 4146
1 839
1 242
1 1768
1 73
1 231
1 3403
1 2644
1 2320
1 2327
1 1214
1 590
1 3501
1 3656
1 2450
1 2952
1 1187
1 3270
1 4240
1 1324
1 800
1 1430
1 1138
1 1804
1 835
1 2112
1 796
1 2187
1 1221
1 2903
1 2250
1 1989
1 2872
1 2098
1 2491
1 3364
1 3718
1 248
1 1130
1 3519
1 3055
1 2059
1 4431
1 638
1 1084
1 2000
1 1583
1 695
1 2342
1 4946
1 1953
1 631
1 488
1 4956
1 3092
1 1767
1 4264
1 3572
1 811
1 2340
1 2804
1 4789
1 521
1 1139
1 801
1 2984
1 1880
1 3305
1 3463
1 2454
1 4086
1 3737
1 250
1 2854
1 4037
1 837
1 1354
1 778
1 226
1 4006
1 3915
1 1245
1 3042
1 1460
1 497
1 1415
1 772
1 1258
1 3294
1 1420
1 4408
1 603
1 1582
1 4260
1 164
1 3729
1 1914
1 29
1 2940
1 2682
1 4001
1 1091
1 4450
1 1719
1 677
1 598
1 1527
1 1567
1 1632
1 872
1 4165
1 3651
1 3397
1 4249
1 3150
1 2693
1 3760
1 3890
1 3201
1 3692
1 4917
1 4080
1 3296
1 4782
1 3539
1 541
1 2563
1 2339
1 1741
1 3857
1 2467
1 4365
1 923
1 2377
1 4734
1 1157
1 3822
1 3001
1 356
1 3916
1 1952
1 2931
1 420
1 3756
1 4285
1 3367
1 2113
1 4396
1 1217
1 3240
1 1352
1 261
1 3970
1 3521
1 4682
1 2230
1 804
1 1259
1 2825
1 2593
1 3900
1 1893
1 4233
1 2164
1 3134
1 3234
1 6
1 2039
1 744
1 2127
1 2651
1 2194
1 4173
1 1895
1 1955
1 1709
1 4926
1 3541
1 3433
1 1873
1 865
1 3245
1 3089
1 1307
1 4539
1 2318
1 3124
1 3318
1 1694
1 4951
1 3865
1 2037
1 2897
1 373
1 2650
1 1794
1 1248
1 4398
1 637
1 4751
1 2460
1 683
1 266
1 2967
1 2978
1 264
1 4873
1 4940
1 1142
1 4699
1 1743
1 2956
1 1658
1 3699
1 2822
1 4747
1 805
1 2223
1 1337
1 4290
1 494
1 4041
1 2064
1 2050
1 3902
1 3673
1 2308
1 653
1 258
1 3893
1 3640
1 1791
1 1296
1 3722
1 4612
1 2441
1 3516
1 3069
1 1874
1 3065
1 4140
1 971
1 2746
1 4675
1 4296
1 466
1 1189
1 1928
1 1452
1 3377
1 399
1 475
1 322
1 2231
1 12
1 1727
1 4901
1 2486
1 4877
1 3617
1 1936
1 1943
1 2510
1 3848
1 4531
1 3319
1 3866
1 1173
1 4994
1 126
1 1525
1 1036
1 2181
1 563
1 4702
1 3288
1 2143
1 2312
1 1859
1 4860
1 486
1 276
1 4349
1 4153
1 2461
1 2408
1 3062
1 4884
1 1669
1 4414
1 2824
1 3080
1 2296
1 1181
1 101
1 991
1 2759
1 272
1 3081
1 1104
1 1404
1 3591
1 2106
1 458
1 4665
1 4102
1 4954
1 1729
1 4268
1 100
1 2427
1 2078
1 1798
1 18
1 4071
1 1932
1 1260
1 396
1 2721
1 976
1 988
1 3420
1 2720
1 2953
1 4347
1 3778
1 4420
1 2259
1 446
1 2837
1 1904
1 1977
1 4059
1 3243
1 4372
1 2196
1 3228
1 3749
1 3382
1 4922
1 2090
1 324
1 2466
1 3295
1 42
1 4040
1 1018
1 2686
1 2142
1 1225
1 1580
1 558
1 4674
1 4132
1 806
1 1364
1 3926
1 851
1 4302
1 596
1 1711
1 2362
1 3166
1 3442
1 780
1 1061
1 4436
1 442
1 704
1 2560
1 1231
1 2906
1 2543
1 4002
1 3283
1 2835
1 3387
1 377
1 139
1 4049
1 1944
1 2974
1 2681
1 3851
1 58
1 4257
1 3448
1 2213
1 2805
1 680
1 4215
1 4731
1 285
1 4526
1 4960
1 2972
1 2258
1 1683
1 3781
1 2280
1 2169
1 4812
1 1290
1 3342
1 2074
1 2639
1 1724
1 4458
1 4581
1 3564
1 1739
1 2304
1 3973
1 3543
1 537
1 3503
1 426
1 2959
1 4426
1 1591
1 1680
1 3151
1 1094
1 1535
1 95
1 3419
1 1331
1 312
1 3864
1 1848
1 1792
1 1706
1 3293
1 3941
1 2549
1 1027
1 365
1 1766
1 125
1 4527
1 3513
1 3732
1 3777
1 1159
1 1718
1 2479
1 4443
1 2674
1 2620
1 659
1 2219
1 3345
1 4799
1 52
1 4013
1 3049
1 3961
1 1318
1 1381
1 4084
1 1226
1 2928
1 3727
1 793
1 3997
1 2449
1 4464
1 3376
1 2038
1 2249
1 4174
1 4362
1 4397
1 3511
1 3791
1 873
1 3172
1 3189
1 864
1 4594
1 1983
1 286
1 257
1 797
1 3559
1 3827
1 2767
1 2863
1 4230
1 1867
1 2331
1 1116
1 4934
1 2126
1 1412
1 2085
1 3512
1 2201
1 2002
1 842
1 1371
1 2864
1 1176
1 1970
1 102
1 1616
1 2030
1 4667
1 2592
1 118
1 714
1 3354
1 4935
1 2324
1 1484
1 4929
1 463
1 428
1 576
1 2353
1 2284
1 2948
1 2945
1 440
1 2191
1 1982
1 1703
1 2075
1 2646
1 1000
1 3162
1 857
1 3231
1 1089
1 1951
1 3144
1 4806
1 751
1 1649
1 2868
1 378
1 2777
1 1559
1 3804
1 1746
1 4835
1 1836
1 1125
1 4090
1 2344
1 3545
1 3794
1 3885
1 130
1 548
1 2776
1 3208
1 3142
1 925
1 4180
1 3771
1 1628
1 320
1 1038
1 1268
1 849
1 2704
1 3011
1 4300
1 229
1 3239
1 3070
1 681
1 1913
1 4246
1 277
1 3552
1 1336
1 2487
1 2951
1 4792
1 3133
1 3272
1 1140
1 224
1 2828
1 4882
1 3561
1 2774
1 2438
1 4749
1 3653
1 1858
1 2588
1 3840
1 419
1 2878
1 2345
1 4050
1 123
1 1697
1 3583
1 4019
1 3020
1 498
1 1996
1 2186
1 2742
1 99
1 1659
1 1988
1 3148
1 2005
1 2715
1 3622
1 3897
1 1026
1 2283
1 435
1 4744
1 344
1 4194
1 973
1 1294
1 2472
1 3576
1 2976
1 975
1 1738
1 168
1 4210
1 4072
1 3424
1 3646
1 1774
1 3603
1 381
1 2161
1 1054
1 3774
1 2781
1 2985
1 2451
1 1563
1 1839
1 3365
1 302
1 747
1 910
1 2676
1 1734
1 4101
1 1401
1 939
1 3773
1 1083
1 2291
1 1017
1 70
1 3066
1 2155
1 4000
1 1882
1 2690
1 3103
1 1378
1 2501
1 3532
1 3087
1 3033
1 1520
1 3456
1 1118
1 3596
1 2880
1 3634
1 1599
1 2829
1 1305
1 4311
1 607
1 3574
1 2664
1 4351
1 4340
1 3187
1 3999
1 934
1 1672
1 697
1 372
1 2603
1 1619
1 708
1 2618
1 2013
1 1129
1 906
1 1530
1 3621
1 3553
1 2934
1 2268
1 4162
1 4632
1 400
1 3044
1 3607
1 4374
1 4907
1 1286
1 967
1 1704
1 4465
1 660
1 2386
1 1923
1 477
1 3160
1 4034
1 1292
1 4392
1 1470
1 912
1 154
1 1119
1 4342
1 2849
1 252
1 4776
1 436
1 2532
1 3610
1 3391
1 2508
1 2091
1 3758
1 3921
1 1947
1 1992
1 994
1 3000
1 2171
1 4109
1 2306
1 2892
1 1924
1 1810
1 3257
1 2121
1 866
1 2551
1 2114
1 4564
1 3976
1 4312
1 1082
1 3218
1 4779
1 3835
1 1707
1 3306
1 1854
1 960
1 147
1 1098
1 1284
1 3328
1 3944
1 3209
1 1164
1 4958
1 4968
1 511
1 4003
1 4126
1 2297
1 4022
1 2666
1 1644
1 1343
1 1612
1 1023
1 1765
1 3919
1 3544
1 3157
1 592
1 305
1 2409
1 1640
1 2433
1 4844
1 3905
1 3505
1 459
1 2493
1 1115
1 4567
1 3255
1 2468
1 135
1 2769
1 3842
1 891
1 295
1 902
1 3199
1 544
1 1387
1 1064
1 4301
1 1408
1 4440
1 394
1 1182
1 792
1 707
1 2096
1 1609
1 2137
1 1631
1 4930
1 2192
1 2055
1 416
1 3565
1 3412
1 1071
1 484
1 2796
1 3925
1 1466
1 2205
1 4775
1 3304
1 666
1 2208
1 1849
1 759
1 1611
1 3912
1 336
1 3170
1 3751
1 760
1 1362
1 1551
1 270
1 4910
1 2184
1 1391
1 790
1 3958
1 337
1 2612
1 469
1 3657
1 827
1 1624
1 1761
1 1335
1 2964
1 1830
1 26
1 1109
1 3767
1 630
1 3236
1 1311
1 4915
1 3763
1 2801
1 398
1 1265
1 3191
1 2820
1 3887
1 1808
1 1585
1 3643
1 931
1 359
1 3629
1 1771
1 4310
1 3796
1 3497
1 1244
1 3548
1 2067
1 646
1 4127
1 1215
1 1011
1 634
1 2116
1 4419
1 3779
1 4308
1 3776
1 2936
1 1664
1 461
1 1150
1 4939
1 887
1 2965
1 3035
1 4247
1 464
1 3861
1 1545
1 2950
1 3286
1 2145
1 814
1 1625
1 136
1 117
1 2689
1 1270
1 4344
1 1752
1 1306
1 1976
1 4195
1 3158
1 577
1 2273
1 2170
1 3666
1 289
1 4721
1 2669
1 3249
1 2252
1 1834
1 234
1 3660
1 710
1 2262
1 4018
1 3716
1 4202
1 4244
1 4270
1 2696
1 281
1 2119
1 3102
1 722
1 2894
1 3853
1 4821
1 3449
1 844
1 1191
1 328
1 3009
1 4187
1 1901
1 2222
1 2083
1 3324
1 2203
1 3613
1 3558
1 2019
1 2515
1 4044
1 561
1 738
1 4621
1 4014
1 1411
1 1566
1 543
1 4723
1 3792
1 4944
1 2840
1 2684
1 2885
1 2149
1 2162
1 2309
1 1562
1 3585
1 937
1 1492
1 1596
1 2882
1 2579
1 674
1 4293
1 4390
1 487
1 1445
1 3962
1 3018
1 2867
1 874
1 134
1 2981
1 4872
1 3507
1 3094
1 3407
1 4593
1 2254
1 1661
1 2629
1 1393
1 4570
1 2166
1 3819
1 1714
1 4317
1 4726
1 1310
1 1705
1 661
1 2896
1 768
1 4171
1 656
1 2478
1 3210
1 4617
1 635
1 4386
1 4689
1 1222
1 754
1 364
1 3227
1 3695
1 4277
1 4898
1 1974
1 22
1 4794
1 4029
1 2483
1 1933
1 2185
1 3790
1 3589
1 4323
1 1458
1 3765
1 1541
1 1899
1 4571
1 2285
1 457
1 1380
1 1864
1 3478
1 875
1 3688
1 550
1 4827
1 4630
1 1605
1 1041
1 1693
1 1147
1 3090
1 2343
1 1012
1 2909
1 2853
1 3982
1 3338
1 1058
1 3928
1 453
1 2393
1 2927
1 3386
1 955
1 243
1 2580
1 4144
1 3393
1 1998
1 2757
1 24
1 3347
1 4945
1 1586
1 4242
1 4834
1 1967
1 3022
1 1590
1 507
1 1926
1 1143
1 1993
1 4181
1 2281
1 1193
1 2337
1 1607
1 410
1 3735
1 2068
1 918
1 3400
1 1166
1 4179
1 4024
1 283
1 3244
1 2991
1 96
1 3678
1 3665
1 3460
1 3076
1 3115
1 2957
1 602
1 1339
1 3704
1 4369
1 145
1 4966
1 2346
1 3099
1 1861
1 251
1 3694
1 1966
1 3131
1 4197
1 4339
1 4947
1 340
1 999
1 1853
1 4588
1 1533
1 3340
1 2375
1 3308
1 3461
1 3821
1 411
1 2453
1 4663
1 1941
1 1532
1 1641
1 3743
1 4760
1 3793
1 1682
1 4871
1 2373
1 1841
1 4356
1 3260
1 4207
1 2193
1 2512
1 2741
1 1589
1 1178
1 2725
1 3730
1 14
1 1652
1 1446
1 3352
1 1052
1 2278
1 4920
1 471
1 2474
1 1444
1 4800
1 3341
1 3332
1 1174
1 2133
1 4130
1 4438
1 3595
1 1086
1 2007
1 4678
1 1263
1 3789
1 559
1 2234
1 1637
1 2325
1 700
1 2538
1 4598
1 1574
1 1747
1 284
1 1377
1 1504
1 3969
1 2110
1 591
1 1592
1 3713
1 826
1 4297
1 308
1 3047
1 3084
1 1985
1 3795
1 1501
1 1486
1 2495
1 4209
1 89
1 1463
1 4544
1 2481
1 4927
1 2869
1 4831
1 4974
1 4552
1 142
1 2422
1 192
1 2036
1 1254
1 4599
1 1553
1 1827
1 585
1 3998
1 1210
1 2866
1 3598
1 4343
1 2043
1 2667
1 1679
1 3194
1 4869
1 1778
1 4690
1 3437
1 679
1 2261
1 4042
1 1333
1 4900
1 4748
1 2404
1 2833
1 669
1 4899
1 282
1 3952
1 4525
1 1079
1 1414
1 3745
1 1671
1 3927
1 4395
1 3489
1 4422
1 3682
1 4106
1 4741
1 673
1 434
1 3147
1 4788
1 2084
1 3394
1 3417
1 2135
1 20
1 1699
1 2061
1 1020
1 732
1 1863
1 3064
1 4304
1 1232
1 4824
1 3829
1 4125
1 3493
1 2790
1 3291
1 3593
1 4679
1 451
1 4332
1 3627
1 1536
1 3560
1 1472
1 2910
1 610
1 152
1 3824
1 2173
1 1503
1 1512
1 2949
1 3808
1 2147
1 1604
1 3016
1 4282
1 149
1 671
1 2199
1 1034
1 3050
1 2511
1 4833
1 947
1 2108
1 2632
1 1399
1 3554
1 1915
1 2490
1 2355
1 4063
1 1137
1 2816
1 1514
1 3123
1 504
1 959
1 3333
1 3481
1 4522
1 4952
1 2932
1 2884
1 2363
1 4541
1 4007
1 2006
1 1464
1 298
1 4657
1 4673
1 2616
1 3956
1 2919
1 4870
1 2336
1 3374
1 4530
1 4938
1 913
1 1961
1 3190
1 111
1 2797
1 4825
1 3242
1 3005
1 3079
1 3963
1 4425
1 2212
1 1243
1 1875
1 4984
1 4993
1 210
1 3225
1 3654
1 338
1 3812
1 4892
1 1392
1 1999
1 1131
1 2138
1 1111
1 3053
1 1205
1 1348
1 3010
1 4636
1 4289
1 1453
1 2379
1 3186
1 4236
1 1158
1 4840
1 2321
1 542
1 675
1 1241
1 698
1 1237
1 1594
1 519
1 898
1 1216
1 1004
1 1465
1 4768
1 1247
1 2293
1 2710
1 2624
1 3082
1 2180
1 4964
1 4266
1 4606
1 2679
1 2151
1 1487
1 1690
1 4950
1 803
1 3149
1 1862
1 3582
1 2275
1 4977
1 1250
1 1438
1 2586
1 2536
1 4417
1 1542
1 1383
1 3176
1 112
1 4023
1 3624
1 2102
1 2789
1 177
1 4982
1 3322
1 1806
1 3575
1 4645
1 1397
1 4823
1 1879
1 300
1 593
1 2157
1 1751
1 2111
1 3285
1 1024
1 3464
1 1730
1 2843
1 1733
1 4654
1 133
1 1775
1 2041
1 3566
1 4577
1 1013
1 961
1 1491
1 691
1 2747
1 767
1 4856
1 3422
1 2244
1 1312
1 4479
1 3350
1 3221
1 2216
1 3679
1 1575
1 3518
1 565
1 2014
1 314
1 3870
1 1451
1 2048
1 3947
1 4912
1 4764
1 3690
1 3017
1 758
1 1419
1 240
1 1728
1 1737
1 1480
1 1812
1 1440
1 4292
1 2167
1 3108
1 2105
1 1975
1 3441
1 2440
1 4121
1 3371
1 40
1 3206
1 367
1 4866
1 4955
1 740
1 1299
1 963
1 3485
1 4457
1 514
1 2497
1 1558
1 4099
1 3114
1 4874
1 3392
1 3535
1 523
1 702
1 1493
1 2521
1 1687
1 3026
1 2962
1 211
1 2973
1 3346
1 3492
1 146
1 2723
1 267
1 4108
1 1538
1 3883
1 2533
1 2060
1 3510
1 3217
1 2436
1 4516
1 2827
1 4828
1 3432
1 3985
1 2726
1 1457
1 1416
1 2369
1 3317
1 1801
1 1212
1 2198
1 2057
1 4410
1 3863
1 287
1 2034
1 235
1 3972
1 2694
1 2922
1 1906
1 1991
1 1710
1 752
1 2737
1 3738
1 1639
1 1367
1 921
1 1850
1 3768
1 654
1 3355
1 2871
1 3119
1 2384
1 4206
1 1161
1 4932
1 1518
1 536
1 2238
1 2206
1 4324
1 1413
1 1685
1 2581
1 2003
1 4981
1 862
1 4218
1 881
1 4134
1 1866
1 346
1 4117
1 1261
1 392
1 3845
1 2020
1 684
1 4081
1 3635
1 3019
1 1039
1 2554
1 2645
1 3991
1 4291
1 668
1 3684
1 449
1 2947
1 1608
1 2016
1 339
1 2979
1 4754
1 1922
1 3868
1 3061
1 2859
1 510
1 571
1 1588
1 237
1 2600
1 4145
1 4433
1 1674
1 773
1 1630
1 4967
1 3601
1 2394
1 4953
1 794
1 1691
1 1124
1 3753
1 3563
1 395
1 3661
1 1534
1 3436
1 1096
1 4444
1 309
1 915
1 4261
1 761
1 2739
1 2313
1 1100
1 1917
1 3056
1 2365
1 4421
1 4595
1 2815
1 4143
1 2426
1 1601
1 175
1 3185
1 2288
1 148
1 4742
1 190
1 2847
1 3130
1 3136
1 2228
1 2158
1 2227
1 3381
1 4402
1 171
1 4975
1 456
1 4858
1 4843
1 3971
1 2415
1 2209
1 3096
1 3361
1 4590
1 4518
1 1865
1 1271
1 2601
1 2753
1 1160
1 3171
1 2253
1 4861
1 450
1 2740
1 1044
1 2398
1 1264
1 850
1 256
1 3600
1 4911
1 2218
1 366
1 4791
1 1573
1 1170
1 4903
1 169
1 4817
1 2240
1 4777
1 4399
1 824
1 3907
1 3462
1 1022
1 2857
1 3996
1 3602
1 1177
1 414
1 2103
1 3396
1 4787
1 3487
1 892
1 907
1 4466
1 3226
1 3506
1 4204
1 2188
1 1496
1 1997
1 3669
1 2929
1 4380
1 2762
1 4364
1 304
1 587
1 4009
1 2589
1 4505
1 2069
1 3282
1 3112
1 785
1 232
1 310
1 3192
1 433
1 1358
1 4610
1 2622
1 2424
1 2520
1 4618
1 4473
1 1385
1 4996
1 1986
1 3109
1 3113
1 678
1 1524
1 1126
1 568
1 4186
1 1614
1 2382
1 4115
1 4601
1 1698
1 274
1 4758
1 460
1 1978
1 696
1 3655
1 580
1 59
1 2708
1 1708
1 3877
1 1283
1 3708
1 1595
1 4483
1 431
1 2101
1 1927
1 4031
1 260
1 1021
1 1886
1 2851
1 3931
1 4237
1 1965
1 216
1 4839
1 2027
1 331
1 2921
1 1726
1 1885
1 1363
1 933
